$MeshFormat
2.2 0 8
$EndMeshFormat
$Nodes
190
1 -1 0 10
2 -1 0 9
3 0 0 9
4 0 0 10
5 1 0 9
6 1 0 10
7 -1 0 8
8 0 0 8
9 1 0 8
10 -1 0 7
11 0 0 7
12 1 0 7
13 -1 0 6
14 0 0 6
15 1 0 6
16 -1 0 5
17 0 0 5
18 1 0 5
19 -1 0 4
20 0 0 4
21 1 0 4
22 -1 0 3
23 0 0 3
24 1 0 3
25 -1 0 2
26 0 0 2
27 1 0 2
28 -1 0 1
29 0 0 1
30 1 0 1
31 -1 0 -0
32 0 0 -0
33 1 0 -0
34 -1 0 -1
35 0 0 -1
36 1 0 -1
37 -1 0 -2
38 0 0 -2
39 1 0 -2
40 -1 0 -3
41 0 0 -3
42 1 0 -3
43 -1 0 -4
44 0 0 -4
45 1 0 -4
46 -1 0 -5
47 0 0 -5
48 1 0 -5
49 -1 0 -6
50 0 0 -6
51 1 0 -6
52 -1 0 -7
53 0 0 -7
54 1 0 -7
55 -1 0 -8
56 0 0 -8
57 1 0 -8
58 -1 0 -9
59 0 0 -9
60 1 0 -9
61 -1 0 -10
62 0 0 -10
63 1 0 -10
64 -1 2 10
65 0 2 10
66 0 2 9
67 -1 2 9
68 1 2 10
69 1 2 9
70 0 2 8
71 -1 2 8
72 1 2 8
73 0 2 7
74 -1 2 7
75 1 2 7
76 0 2 6
77 -1 2 6
78 1 2 6
79 0 2 5
80 -1 2 5
81 1 2 5
82 0 2 4
83 -1 2 4
84 1 2 4
85 0 2 3
86 -1 2 3
87 1 2 3
88 0 2 2
89 -1 2 2
90 1 2 2
91 0 2 1
92 -1 2 1
93 1 2 1
94 0 2 -0
95 -1 2 -0
96 1 2 -0
97 0 2 -1
98 -1 2 -1
99 1 2 -1
100 0 2 -2
101 -1 2 -2
102 1 2 -2
103 0 2 -3
104 -1 2 -3
105 1 2 -3
106 0 2 -4
107 -1 2 -4
108 1 2 -4
109 0 2 -5
110 -1 2 -5
111 1 2 -5
112 0 2 -6
113 -1 2 -6
114 1 2 -6
115 0 2 -7
116 -1 2 -7
117 1 2 -7
118 0 2 -8
119 -1 2 -8
120 1 2 -8
121 0 2 -9
122 -1 2 -9
123 1 2 -9
124 0 2 -10
125 -1 2 -10
126 1 2 -10
127 0 1 10
128 -1 1 10
129 1 1 10
130 1 1 9
131 1 1 8
132 1 1 7
133 1 1 6
134 1 1 5
135 1 1 4
136 1 1 3
137 1 1 2
138 1 1 1
139 1 1 -0
140 1 1 -1
141 1 1 -2
142 1 1 -3
143 1 1 -4
144 1 1 -5
145 1 1 -6
146 1 1 -7
147 1 1 -8
148 1 1 -9
149 1 1 -10
150 0 1 -10
151 -1 1 -10
152 -1 1 -9
153 -1 1 -8
154 -1 1 -7
155 -1 1 -6
156 -1 1 -5
157 -1 1 -4
158 -1 1 -3
159 -1 1 -2
160 -1 1 -1
161 -1 1 -0
162 -1 1 1
163 -1 1 2
164 -1 1 3
165 -1 1 4
166 -1 1 5
167 -1 1 6
168 -1 1 7
169 -1 1 8
170 -1 1 9
171 -0.4882731707225058 0.5117268292774941 -4.500000000000001
172 -0.4882731707238565 0.5117268292761434 8.499999999999998
173 0.6666666666666667 0.3333333333333333 9.5
174 -0.488273170722209 0.5117268292777909 -6.5
175 -0.4882731707209386 0.5117268292790617 -8.500000000000002
176 0.674090681077139 0.2458352422414816 -0.5899616737405549
177 -0.4882731707209539 0.5117268292790461 -2.5
178 -0.4882731707219983 0.5117268292780018 3.5
179 -0.4882731707222249 0.5117268292777754 0.5
180 0.6740906810795934 0.245835242242071 2.410038326260342
181 0.1152570623278651 0.9485903956611982 -5.395833333333334
182 0.575538983195666 0.4755389831956661 -6.499999999999999
183 0.5755389831961888 0.4755389831961888 -8.5
184 0.255389831961824 1.255389831961824 -2.5
185 0.2553898319618873 1.255389831961888 -8.5
186 0.2553898319565966 1.255389831956596 0.5
187 0.03242068509890761 1.037096229528113 3.534380973922814
188 0.2553898319554404 1.25538983195544 -4.5
189 -0.01860009695219931 1.129556504554578 -6.743694475071123
190 0.05475363476042573 1.054753634760426 8.256447989963075
$EndNodes
$Elements
842
1 2 2 0 1 1 2 3
2 2 2 0 1 2 1 128
3 2 2 0 1 3 4 1
4 2 2 0 1 1 4 127
5 2 2 0 1 127 128 1
6 2 2 0 1 8 3 2
7 2 2 0 1 2 7 8
8 2 2 0 1 7 2 170
9 2 2 0 1 128 170 2
10 2 2 0 1 4 3 5
11 2 2 0 1 9 5 3
12 2 2 0 1 3 8 9
13 2 2 0 1 5 6 4
14 2 2 0 1 4 6 129
15 2 2 0 1 129 127 4
16 2 2 0 1 6 5 130
17 2 2 0 1 5 9 131
18 2 2 0 1 131 130 5
19 2 2 0 1 130 129 6
20 2 2 0 1 11 8 7
21 2 2 0 1 7 10 11
22 2 2 0 1 10 7 169
23 2 2 0 1 170 169 7
24 2 2 0 1 12 9 8
25 2 2 0 1 8 11 12
26 2 2 0 1 9 12 132
27 2 2 0 1 132 131 9
28 2 2 0 1 14 11 10
29 2 2 0 1 10 13 14
30 2 2 0 1 13 10 168
31 2 2 0 1 169 168 10
32 2 2 0 1 15 12 11
33 2 2 0 1 11 14 15
34 2 2 0 1 12 15 133
35 2 2 0 1 133 132 12
36 2 2 0 1 17 14 13
37 2 2 0 1 13 16 17
38 2 2 0 1 16 13 167
39 2 2 0 1 168 167 13
40 2 2 0 1 18 15 14
41 2 2 0 1 14 17 18
42 2 2 0 1 15 18 134
43 2 2 0 1 134 133 15
44 2 2 0 1 20 17 16
45 2 2 0 1 16 19 20
46 2 2 0 1 19 16 166
47 2 2 0 1 167 166 16
48 2 2 0 1 21 18 17
49 2 2 0 1 17 20 21
50 2 2 0 1 18 21 135
51 2 2 0 1 135 134 18
52 2 2 0 1 23 20 19
53 2 2 0 1 19 22 23
54 2 2 0 1 22 19 165
55 2 2 0 1 166 165 19
56 2 2 0 1 24 21 20
57 2 2 0 1 20 23 24
58 2 2 0 1 21 24 136
59 2 2 0 1 136 135 21
60 2 2 0 1 26 23 22
61 2 2 0 1 22 25 26
62 2 2 0 1 25 22 164
63 2 2 0 1 165 164 22
64 2 2 0 1 27 24 23
65 2 2 0 1 23 26 27
66 2 2 0 1 24 27 137
67 2 2 0 1 137 136 24
68 2 2 0 1 29 26 25
69 2 2 0 1 25 28 29
70 2 2 0 1 28 25 163
71 2 2 0 1 164 163 25
72 2 2 0 1 30 27 26
73 2 2 0 1 26 29 30
74 2 2 0 1 27 30 138
75 2 2 0 1 138 137 27
76 2 2 0 1 32 29 28
77 2 2 0 1 28 31 32
78 2 2 0 1 31 28 162
79 2 2 0 1 163 162 28
80 2 2 0 1 33 30 29
81 2 2 0 1 29 32 33
82 2 2 0 1 30 33 139
83 2 2 0 1 139 138 30
84 2 2 0 1 35 32 31
85 2 2 0 1 31 34 35
86 2 2 0 1 34 31 161
87 2 2 0 1 162 161 31
88 2 2 0 1 36 33 32
89 2 2 0 1 32 35 36
90 2 2 0 1 33 36 140
91 2 2 0 1 140 139 33
92 2 2 0 1 38 35 34
93 2 2 0 1 34 37 38
94 2 2 0 1 37 34 160
95 2 2 0 1 161 160 34
96 2 2 0 1 39 36 35
97 2 2 0 1 35 38 39
98 2 2 0 1 36 39 141
99 2 2 0 1 141 140 36
100 2 2 0 1 41 38 37
101 2 2 0 1 37 40 41
102 2 2 0 1 40 37 159
103 2 2 0 1 160 159 37
104 2 2 0 1 42 39 38
105 2 2 0 1 38 41 42
106 2 2 0 1 39 42 142
107 2 2 0 1 142 141 39
108 2 2 0 1 44 41 40
109 2 2 0 1 40 43 44
110 2 2 0 1 43 40 158
111 2 2 0 1 159 158 40
112 2 2 0 1 45 42 41
113 2 2 0 1 41 44 45
114 2 2 0 1 42 45 143
115 2 2 0 1 143 142 42
116 2 2 0 1 47 44 43
117 2 2 0 1 43 46 47
118 2 2 0 1 46 43 157
119 2 2 0 1 158 157 43
120 2 2 0 1 48 45 44
121 2 2 0 1 44 47 48
122 2 2 0 1 45 48 144
123 2 2 0 1 144 143 45
124 2 2 0 1 50 47 46
125 2 2 0 1 46 49 50
126 2 2 0 1 49 46 156
127 2 2 0 1 157 156 46
128 2 2 0 1 51 48 47
129 2 2 0 1 47 50 51
130 2 2 0 1 48 51 145
131 2 2 0 1 145 144 48
132 2 2 0 1 53 50 49
133 2 2 0 1 49 52 53
134 2 2 0 1 52 49 155
135 2 2 0 1 156 155 49
136 2 2 0 1 54 51 50
137 2 2 0 1 50 53 54
138 2 2 0 1 51 54 146
139 2 2 0 1 146 145 51
140 2 2 0 1 56 53 52
141 2 2 0 1 52 55 56
142 2 2 0 1 55 52 154
143 2 2 0 1 155 154 52
144 2 2 0 1 57 54 53
145 2 2 0 1 53 56 57
146 2 2 0 1 54 57 147
147 2 2 0 1 147 146 54
148 2 2 0 1 59 56 55
149 2 2 0 1 55 58 59
150 2 2 0 1 58 55 153
151 2 2 0 1 154 153 55
152 2 2 0 1 60 57 56
153 2 2 0 1 56 59 60
154 2 2 0 1 57 60 148
155 2 2 0 1 148 147 57
156 2 2 0 1 62 59 58
157 2 2 0 1 58 61 62
158 2 2 0 1 61 58 152
159 2 2 0 1 153 152 58
160 2 2 0 1 63 60 59
161 2 2 0 1 59 62 63
162 2 2 0 1 60 63 149
163 2 2 0 1 149 148 60
164 2 2 0 1 62 61 151
165 2 2 0 1 152 151 61
166 2 2 0 1 63 62 150
167 2 2 0 1 151 150 62
168 2 2 0 1 150 149 63
169 2 2 0 1 64 65 66
170 2 2 0 1 65 64 128
171 2 2 0 1 66 67 64
172 2 2 0 1 64 67 170
173 2 2 0 1 170 128 64
174 2 2 0 1 69 66 65
175 2 2 0 1 65 68 69
176 2 2 0 1 68 65 127
177 2 2 0 1 128 127 65
178 2 2 0 1 67 66 70
179 2 2 0 1 66 69 72
180 2 2 0 1 72 70 66
181 2 2 0 1 70 71 67
182 2 2 0 1 67 71 169
183 2 2 0 1 169 170 67
184 2 2 0 1 69 68 129
185 2 2 0 1 127 129 68
186 2 2 0 1 72 69 130
187 2 2 0 1 129 130 69
188 2 2 0 1 71 70 73
189 2 2 0 1 70 72 75
190 2 2 0 1 75 73 70
191 2 2 0 1 73 74 71
192 2 2 0 1 71 74 168
193 2 2 0 1 168 169 71
194 2 2 0 1 75 72 131
195 2 2 0 1 130 131 72
196 2 2 0 1 74 73 76
197 2 2 0 1 73 75 78
198 2 2 0 1 78 76 73
199 2 2 0 1 76 77 74
200 2 2 0 1 74 77 167
201 2 2 0 1 167 168 74
202 2 2 0 1 78 75 132
203 2 2 0 1 131 132 75
204 2 2 0 1 77 76 79
205 2 2 0 1 76 78 81
206 2 2 0 1 81 79 76
207 2 2 0 1 79 80 77
208 2 2 0 1 77 80 166
209 2 2 0 1 166 167 77
210 2 2 0 1 81 78 133
211 2 2 0 1 132 133 78
212 2 2 0 1 80 79 82
213 2 2 0 1 79 81 84
214 2 2 0 1 84 82 79
215 2 2 0 1 82 83 80
216 2 2 0 1 80 83 165
217 2 2 0 1 165 166 80
218 2 2 0 1 84 81 134
219 2 2 0 1 133 134 81
220 2 2 0 1 83 82 85
221 2 2 0 1 82 84 87
222 2 2 0 1 87 85 82
223 2 2 0 1 85 86 83
224 2 2 0 1 83 86 164
225 2 2 0 1 164 165 83
226 2 2 0 1 87 84 135
227 2 2 0 1 134 135 84
228 2 2 0 1 86 85 88
229 2 2 0 1 85 87 90
230 2 2 0 1 90 88 85
231 2 2 0 1 88 89 86
232 2 2 0 1 86 89 163
233 2 2 0 1 163 164 86
234 2 2 0 1 90 87 136
235 2 2 0 1 135 136 87
236 2 2 0 1 89 88 91
237 2 2 0 1 88 90 93
238 2 2 0 1 93 91 88
239 2 2 0 1 91 92 89
240 2 2 0 1 89 92 162
241 2 2 0 1 162 163 89
242 2 2 0 1 93 90 137
243 2 2 0 1 136 137 90
244 2 2 0 1 92 91 94
245 2 2 0 1 91 93 96
246 2 2 0 1 96 94 91
247 2 2 0 1 94 95 92
248 2 2 0 1 92 95 161
249 2 2 0 1 161 162 92
250 2 2 0 1 96 93 138
251 2 2 0 1 137 138 93
252 2 2 0 1 95 94 97
253 2 2 0 1 94 96 99
254 2 2 0 1 99 97 94
255 2 2 0 1 97 98 95
256 2 2 0 1 95 98 160
257 2 2 0 1 160 161 95
258 2 2 0 1 99 96 139
259 2 2 0 1 138 139 96
260 2 2 0 1 98 97 100
261 2 2 0 1 97 99 102
262 2 2 0 1 102 100 97
263 2 2 0 1 100 101 98
264 2 2 0 1 98 101 159
265 2 2 0 1 159 160 98
266 2 2 0 1 102 99 140
267 2 2 0 1 139 140 99
268 2 2 0 1 101 100 103
269 2 2 0 1 100 102 105
270 2 2 0 1 105 103 100
271 2 2 0 1 103 104 101
272 2 2 0 1 101 104 158
273 2 2 0 1 158 159 101
274 2 2 0 1 105 102 141
275 2 2 0 1 140 141 102
276 2 2 0 1 104 103 106
277 2 2 0 1 103 105 108
278 2 2 0 1 108 106 103
279 2 2 0 1 106 107 104
280 2 2 0 1 104 107 157
281 2 2 0 1 157 158 104
282 2 2 0 1 108 105 142
283 2 2 0 1 141 142 105
284 2 2 0 1 107 106 109
285 2 2 0 1 106 108 111
286 2 2 0 1 111 109 106
287 2 2 0 1 109 110 107
288 2 2 0 1 107 110 156
289 2 2 0 1 156 157 107
290 2 2 0 1 111 108 143
291 2 2 0 1 142 143 108
292 2 2 0 1 110 109 112
293 2 2 0 1 109 111 114
294 2 2 0 1 114 112 109
295 2 2 0 1 112 113 110
296 2 2 0 1 110 113 155
297 2 2 0 1 155 156 110
298 2 2 0 1 114 111 144
299 2 2 0 1 143 144 111
300 2 2 0 1 113 112 115
301 2 2 0 1 112 114 117
302 2 2 0 1 117 115 112
303 2 2 0 1 115 116 113
304 2 2 0 1 113 116 154
305 2 2 0 1 154 155 113
306 2 2 0 1 117 114 145
307 2 2 0 1 144 145 114
308 2 2 0 1 116 115 118
309 2 2 0 1 115 117 120
310 2 2 0 1 120 118 115
311 2 2 0 1 118 119 116
312 2 2 0 1 116 119 153
313 2 2 0 1 153 154 116
314 2 2 0 1 120 117 146
315 2 2 0 1 145 146 117
316 2 2 0 1 119 118 121
317 2 2 0 1 118 120 123
318 2 2 0 1 123 121 118
319 2 2 0 1 121 122 119
320 2 2 0 1 119 122 152
321 2 2 0 1 152 153 119
322 2 2 0 1 123 120 147
323 2 2 0 1 146 147 120
324 2 2 0 1 122 121 124
325 2 2 0 1 121 123 126
326 2 2 0 1 126 124 121
327 2 2 0 1 124 125 122
328 2 2 0 1 122 125 151
329 2 2 0 1 151 152 122
330 2 2 0 1 126 123 148
331 2 2 0 1 147 148 123
332 2 2 0 1 125 124 150
333 2 2 0 1 124 126 149
334 2 2 0 1 149 150 124
335 2 2 0 1 150 151 125
336 2 2 0 1 148 149 126
337 4 2 0 1 32 176 35 186
338 4 2 0 1 23 180 26 187
339 4 2 0 1 52 155 49 174
340 4 2 0 1 154 155 52 174
341 4 2 0 1 4 5 3 173
342 4 2 0 1 6 5 4 173
343 4 2 0 1 33 36 32 176
344 4 2 0 1 32 36 35 176
345 4 2 0 1 7 2 8 172
346 4 2 0 1 8 2 3 172
347 4 2 0 1 37 40 159 177
348 4 2 0 1 158 159 40 177
349 4 2 0 1 22 165 19 178
350 4 2 0 1 22 164 165 178
351 4 2 0 1 55 58 153 175
352 4 2 0 1 152 153 58 175
353 4 2 0 1 27 23 24 180
354 4 2 0 1 23 27 26 180
355 4 2 0 1 44 47 43 171
356 4 2 0 1 43 47 46 171
357 4 2 0 1 28 29 32 179
358 4 2 0 1 31 28 32 179
359 4 2 0 1 59 56 60 183
360 4 2 0 1 57 60 56 183
361 4 2 0 1 53 50 54 182
362 4 2 0 1 51 54 50 182
363 4 2 0 1 50 156 181 189
364 4 2 0 1 132 11 73 133
365 4 2 0 1 73 167 14 168
366 4 2 0 1 17 76 14 134
367 4 2 0 1 17 167 14 76
368 4 2 0 1 11 14 73 133
369 4 2 0 1 76 14 134 133
370 4 2 0 1 133 14 73 76
371 4 2 0 1 14 11 73 168
372 4 2 0 1 167 73 14 76
373 4 2 0 1 17 76 134 166
374 4 2 0 1 79 76 166 134
375 4 2 0 1 17 167 76 166
376 4 2 0 1 97 35 160 184
377 4 2 0 1 26 88 163 187
378 4 2 0 1 17 166 134 187
379 4 2 0 1 166 79 134 187
380 4 2 0 1 88 26 163 186
381 4 2 0 1 97 160 35 186
382 4 2 0 1 132 73 11 190
383 4 2 0 1 73 168 11 190
384 4 2 0 1 159 160 38 184
385 4 2 0 1 35 38 160 184
386 4 2 0 1 56 185 153 189
387 4 2 0 1 158 184 41 188
388 4 2 0 1 23 26 164 187
389 4 2 0 1 166 20 165 187
390 4 2 0 1 26 163 164 187
391 4 2 0 1 17 20 166 187
392 4 2 0 1 155 156 50 189
393 4 2 0 1 154 53 56 189
394 4 2 0 1 154 56 153 189
395 4 2 0 1 29 162 163 186
396 4 2 0 1 29 163 26 186
397 4 2 0 1 35 161 32 186
398 4 2 0 1 161 35 160 186
399 4 2 0 1 158 44 157 188
400 4 2 0 1 158 41 44 188
401 4 2 0 1 8 11 169 190
402 4 2 0 1 169 11 168 190
403 4 2 0 1 159 100 160 184
404 4 2 0 1 160 100 97 184
405 4 2 0 1 35 141 38 184
406 4 2 0 1 118 153 185 189
407 4 2 0 1 56 147 185 189
408 4 2 0 1 41 184 142 188
409 4 2 0 1 166 165 82 187
410 4 2 0 1 85 164 88 187
411 4 2 0 1 163 88 164 187
412 4 2 0 1 135 20 17 187
413 4 2 0 1 17 134 135 187
414 4 2 0 1 166 82 79 187
415 4 2 0 1 147 53 146 189
416 4 2 0 1 56 53 147 189
417 4 2 0 1 118 154 153 189
418 4 2 0 1 88 162 91 186
419 4 2 0 1 29 26 138 186
420 4 2 0 1 88 163 162 186
421 4 2 0 1 94 161 160 186
422 4 2 0 1 97 94 160 186
423 4 2 0 1 44 41 143 188
424 4 2 0 1 106 158 157 188
425 4 2 0 1 143 41 142 188
426 4 2 0 1 11 8 132 190
427 4 2 0 1 169 168 73 190
428 4 2 0 1 100 141 97 184
429 4 2 0 1 118 185 147 189
430 4 2 0 1 85 88 136 187
431 4 2 0 1 88 91 138 186
432 4 2 0 1 97 139 94 186
433 4 2 0 1 106 143 142 188
434 4 2 0 1 131 70 132 190
435 4 2 0 1 132 70 73 190
436 4 2 0 1 137 24 136 180
437 4 2 0 1 27 24 137 180
438 4 2 0 1 140 36 33 176
439 4 2 0 1 140 33 139 176
440 4 2 0 1 51 146 54 182
441 4 2 0 1 145 146 51 182
442 4 2 0 1 148 60 57 183
443 4 2 0 1 147 148 57 183
444 4 2 0 1 129 130 6 173
445 4 2 0 1 6 130 5 173
446 4 2 0 1 28 31 162 179
447 4 2 0 1 161 162 31 179
448 4 2 0 1 43 46 157 171
449 4 2 0 1 157 46 156 171
450 4 2 0 1 7 170 2 172
451 4 2 0 1 169 170 7 172
452 4 2 0 1 19 23 22 178
453 4 2 0 1 20 23 19 178
454 4 2 0 1 50 53 49 174
455 4 2 0 1 49 53 52 174
456 4 2 0 1 56 59 55 175
457 4 2 0 1 58 55 59 175
458 4 2 0 1 40 37 41 177
459 4 2 0 1 41 37 38 177
460 4 2 0 1 50 156 47 181
461 4 2 0 1 109 145 144 181
462 4 2 0 1 162 29 179 186
463 4 2 0 1 157 44 171 188
464 4 2 0 1 158 177 41 184
465 4 2 0 1 152 175 59 185
466 4 2 0 1 3 172 170 190
467 4 2 0 1 164 178 23 187
468 4 2 0 1 154 174 53 189
469 4 2 0 1 23 136 180 187
470 4 2 0 1 32 139 176 186
471 4 2 0 1 159 38 177 184
472 4 2 0 1 56 175 153 185
473 4 2 0 1 32 161 179 186
474 4 2 0 1 47 156 171 188
475 4 2 0 1 20 178 165 187
476 4 2 0 1 50 174 155 189
477 4 2 0 1 8 169 172 190
478 4 2 0 1 109 156 181 188
479 4 2 0 1 59 183 148 185
480 4 2 0 1 53 182 146 189
481 4 2 0 1 47 181 156 188
482 4 2 0 1 170 3 2 172
483 4 2 0 1 28 162 29 179
484 4 2 0 1 44 43 157 171
485 4 2 0 1 158 40 41 177
486 4 2 0 1 164 22 23 178
487 4 2 0 1 60 148 59 183
488 4 2 0 1 152 58 59 175
489 4 2 0 1 35 36 140 176
490 4 2 0 1 3 5 130 173
491 4 2 0 1 146 53 54 182
492 4 2 0 1 26 27 137 180
493 4 2 0 1 154 52 53 174
494 4 2 0 1 41 177 38 184
495 4 2 0 1 56 59 175 185
496 4 2 0 1 162 179 161 186
497 4 2 0 1 157 171 156 188
498 4 2 0 1 23 178 20 187
499 4 2 0 1 50 53 174 189
500 4 2 0 1 169 170 172 190
501 4 2 0 1 144 181 47 188
502 4 2 0 1 109 181 144 188
503 4 2 0 1 159 177 158 184
504 4 2 0 1 153 175 152 185
505 4 2 0 1 32 179 29 186
506 4 2 0 1 47 171 44 188
507 4 2 0 1 165 178 164 187
508 4 2 0 1 155 174 154 189
509 4 2 0 1 8 172 3 190
510 4 2 0 1 56 183 59 185
511 4 2 0 1 50 182 53 189
512 4 2 0 1 59 150 152 185
513 4 2 0 1 3 170 127 190
514 4 2 0 1 56 147 183 185
515 4 2 0 1 50 145 182 189
516 4 2 0 1 70 131 132 75
517 4 2 0 1 10 14 168 11
518 4 2 0 1 3 128 1 127
519 4 2 0 1 17 20 16 166
520 4 2 0 1 3 128 170 2
521 4 2 0 1 7 11 169 8
522 4 2 0 1 165 80 82 83
523 4 2 0 1 76 166 77 79
524 4 2 0 1 12 8 132 11
525 4 2 0 1 156 50 49 155
526 4 2 0 1 152 61 62 58
527 4 2 0 1 56 52 154 55
528 4 2 0 1 152 58 62 59
529 4 2 0 1 38 34 160 37
530 4 2 0 1 18 21 17 135
531 4 2 0 1 97 102 141 100
532 4 2 0 1 146 120 115 117
533 4 2 0 1 52 56 154 53
534 4 2 0 1 61 152 62 151
535 4 2 0 1 146 53 147 54
536 4 2 0 1 43 158 44 157
537 4 2 0 1 49 46 50 156
538 4 2 0 1 153 116 154 118
539 4 2 0 1 136 87 90 85
540 4 2 0 1 160 94 95 161
541 4 2 0 1 34 38 160 35
542 4 2 0 1 62 152 59 150
543 4 2 0 1 56 55 154 153
544 4 2 0 1 150 125 122 124
545 4 2 0 1 150 60 63 149
546 4 2 0 1 153 116 118 119
547 4 2 0 1 110 112 155 113
548 4 2 0 1 150 60 148 59
549 4 2 0 1 124 126 121 148
550 4 2 0 1 122 150 121 152
551 4 2 0 1 125 150 122 151
552 4 2 0 1 95 160 98 97
553 4 2 0 1 158 106 157 104
554 4 2 0 1 104 106 157 107
555 4 2 0 1 132 78 133 73
556 4 2 0 1 40 44 158 41
557 4 2 0 1 145 109 114 112
558 4 2 0 1 166 77 79 80
559 4 2 0 1 122 150 152 151
560 4 2 0 1 158 106 104 103
561 4 2 0 1 100 160 98 159
562 4 2 0 1 98 101 100 159
563 4 2 0 1 133 76 78 81
564 4 2 0 1 15 11 133 14
565 4 2 0 1 76 74 167 73
566 4 2 0 1 34 161 35 160
567 4 2 0 1 161 34 35 31
568 4 2 0 1 27 138 30 26
569 4 2 0 1 164 86 85 88
570 4 2 0 1 89 162 88 163
571 4 2 0 1 91 89 162 88
572 4 2 0 1 15 11 12 133
573 4 2 0 1 11 12 133 132
574 4 2 0 1 94 160 95 97
575 4 2 0 1 140 102 97 99
576 4 2 0 1 138 30 26 29
577 4 2 0 1 8 12 132 9
578 4 2 0 1 163 86 88 89
579 4 2 0 1 19 20 165 166
580 4 2 0 1 20 19 16 166
581 4 2 0 1 167 13 14 168
582 4 2 0 1 73 71 74 168
583 4 2 0 1 64 170 66 128
584 4 2 0 1 170 64 66 67
585 4 2 0 1 71 73 169 168
586 4 2 0 1 18 17 14 134
587 4 2 0 1 4 3 1 127
588 4 2 0 1 74 76 167 77
589 4 2 0 1 7 11 10 169
590 4 2 0 1 11 10 169 168
591 4 2 0 1 167 73 74 168
592 4 2 0 1 66 128 127 65
593 4 2 0 1 163 164 25 26
594 4 2 0 1 90 137 136 88
595 4 2 0 1 27 138 26 137
596 4 2 0 1 31 35 161 32
597 4 2 0 1 25 29 163 26
598 4 2 0 1 79 81 76 134
599 4 2 0 1 167 13 17 14
600 4 2 0 1 16 167 17 166
601 4 2 0 1 167 16 17 13
602 4 2 0 1 80 165 82 166
603 4 2 0 1 29 25 163 28
604 4 2 0 1 28 162 163 29
605 4 2 0 1 20 17 21 135
606 4 2 0 1 62 152 150 151
607 4 2 0 1 26 22 164 25
608 4 2 0 1 22 26 164 23
609 4 2 0 1 86 163 88 164
610 4 2 0 1 100 98 160 97
611 4 2 0 1 15 134 14 133
612 4 2 0 1 127 68 69 65
613 4 2 0 1 135 17 18 134
614 4 2 0 1 66 128 65 64
615 4 2 0 1 69 127 66 130
616 4 2 0 1 70 132 73 75
617 4 2 0 1 166 76 77 167
618 4 2 0 1 69 129 127 130
619 4 2 0 1 69 127 65 66
620 4 2 0 1 129 69 127 68
621 4 2 0 1 132 78 73 75
622 4 2 0 1 131 70 72 75
623 4 2 0 1 89 91 162 92
624 4 2 0 1 78 133 73 76
625 4 2 0 1 85 90 136 88
626 4 2 0 1 93 137 88 138
627 4 2 0 1 84 79 134 81
628 4 2 0 1 80 166 82 79
629 4 2 0 1 133 76 81 134
630 4 2 0 1 137 93 88 90
631 4 2 0 1 88 91 93 138
632 4 2 0 1 159 160 37 38
633 4 2 0 1 134 15 14 18
634 4 2 0 1 48 47 145 51
635 4 2 0 1 94 99 139 97
636 4 2 0 1 99 94 139 96
637 4 2 0 1 114 111 109 144
638 4 2 0 1 103 108 142 106
639 4 2 0 1 156 46 50 47
640 4 2 0 1 124 121 150 148
641 4 2 0 1 150 124 122 121
642 4 2 0 1 124 149 148 150
643 4 2 0 1 121 126 123 148
644 4 2 0 1 53 57 56 147
645 4 2 0 1 150 60 149 148
646 4 2 0 1 149 124 148 126
647 4 2 0 1 109 145 114 144
648 4 2 0 1 41 143 142 42
649 4 2 0 1 108 103 142 105
650 4 2 0 1 142 106 108 143
651 4 2 0 1 139 99 140 97
652 4 2 0 1 35 39 141 36
653 4 2 0 1 36 141 35 140
654 4 2 0 1 42 41 143 45
655 4 2 0 1 44 143 41 45
656 4 2 0 1 50 145 47 51
657 4 2 0 1 39 35 141 38
658 4 2 0 1 145 144 47 48
659 4 2 0 1 63 59 150 62
660 4 2 0 1 59 63 150 60
661 4 2 0 1 53 57 147 54
662 4 2 0 1 158 43 44 40
663 4 2 0 1 102 140 97 141
664 4 2 0 1 128 66 127 170
665 4 2 0 1 10 14 13 168
666 4 2 0 1 3 128 127 170
667 4 2 0 1 128 3 1 2
668 4 2 0 1 150 121 152 185
669 4 2 0 1 59 148 150 185
670 4 2 0 1 127 170 66 190
671 4 2 0 1 3 127 130 190
672 4 2 0 1 119 153 152 185
673 4 2 0 1 152 122 119 185
674 4 2 0 1 101 159 158 184
675 4 2 0 1 101 158 104 184
676 4 2 0 1 38 42 41 184
677 4 2 0 1 39 42 38 184
678 4 2 0 1 20 24 23 187
679 4 2 0 1 21 24 20 187
680 4 2 0 1 164 83 165 187
681 4 2 0 1 83 164 86 187
682 4 2 0 1 113 155 154 189
683 4 2 0 1 113 154 116 189
684 4 2 0 1 161 92 162 186
685 4 2 0 1 32 29 33 186
686 4 2 0 1 29 30 33 186
687 4 2 0 1 95 92 161 186
688 4 2 0 1 107 157 156 188
689 4 2 0 1 48 47 44 188
690 4 2 0 1 45 48 44 188
691 4 2 0 1 156 110 107 188
692 4 2 0 1 170 169 67 190
693 4 2 0 1 169 71 67 190
694 4 2 0 1 8 3 9 190
695 4 2 0 1 5 9 3 190
696 4 2 0 1 50 181 145 189
697 4 2 0 1 23 136 24 180
698 4 2 0 1 33 32 139 176
699 4 2 0 1 169 7 8 172
700 4 2 0 1 6 4 129 173
701 4 2 0 1 57 56 147 183
702 4 2 0 1 50 145 51 182
703 4 2 0 1 161 31 32 179
704 4 2 0 1 156 46 47 171
705 4 2 0 1 20 19 165 178
706 4 2 0 1 37 159 38 177
707 4 2 0 1 50 49 155 174
708 4 2 0 1 56 55 153 175
709 4 2 0 1 119 122 121 185
710 4 2 0 1 119 121 118 185
711 4 2 0 1 101 103 100 184
712 4 2 0 1 103 101 104 184
713 4 2 0 1 39 141 142 184
714 4 2 0 1 39 142 42 184
715 4 2 0 1 136 24 21 187
716 4 2 0 1 21 135 136 187
717 4 2 0 1 85 82 83 187
718 4 2 0 1 83 86 85 187
719 4 2 0 1 115 112 113 189
720 4 2 0 1 113 116 115 189
721 4 2 0 1 92 94 91 186
722 4 2 0 1 95 94 92 186
723 4 2 0 1 30 138 139 186
724 4 2 0 1 30 139 33 186
725 4 2 0 1 45 143 144 188
726 4 2 0 1 107 110 109 188
727 4 2 0 1 144 48 45 188
728 4 2 0 1 106 107 109 188
729 4 2 0 1 70 66 67 190
730 4 2 0 1 67 71 70 190
731 4 2 0 1 131 9 5 190
732 4 2 0 1 5 130 131 190
733 4 2 0 1 127 66 130 190
734 4 2 0 1 150 148 121 185
735 4 2 0 1 152 121 122 185
736 4 2 0 1 119 118 153 185
737 4 2 0 1 103 104 158 184
738 4 2 0 1 101 100 159 184
739 4 2 0 1 41 42 142 184
740 4 2 0 1 39 38 141 184
741 4 2 0 1 23 24 136 187
742 4 2 0 1 21 20 135 187
743 4 2 0 1 85 86 164 187
744 4 2 0 1 83 82 165 187
745 4 2 0 1 113 112 155 189
746 4 2 0 1 95 161 94 186
747 4 2 0 1 91 162 92 186
748 4 2 0 1 30 29 138 186
749 4 2 0 1 32 33 139 186
750 4 2 0 1 45 44 143 188
751 4 2 0 1 156 109 110 188
752 4 2 0 1 144 47 48 188
753 4 2 0 1 106 157 107 188
754 4 2 0 1 170 67 66 190
755 4 2 0 1 5 3 130 190
756 4 2 0 1 123 121 148 185
757 4 2 0 1 118 120 147 185
758 4 2 0 1 142 105 103 184
759 4 2 0 1 102 141 100 184
760 4 2 0 1 87 85 136 187
761 4 2 0 1 135 82 84 187
762 4 2 0 1 115 146 117 189
763 4 2 0 1 145 112 114 189
764 4 2 0 1 96 94 139 186
765 4 2 0 1 91 93 138 186
766 4 2 0 1 109 144 111 188
767 4 2 0 1 106 108 143 188
768 4 2 0 1 72 70 131 190
769 4 2 0 1 66 69 130 190
770 4 2 0 1 66 70 72 190
771 4 2 0 1 130 72 131 190
772 4 2 0 1 72 130 69 190
773 4 2 0 1 72 69 66 190
774 4 2 0 1 143 111 144 188
775 4 2 0 1 109 111 106 188
776 4 2 0 1 106 111 108 188
777 4 2 0 1 111 143 108 188
778 4 2 0 1 96 139 138 186
779 4 2 0 1 91 94 96 186
780 4 2 0 1 96 138 93 186
781 4 2 0 1 96 93 91 186
782 4 2 0 1 112 115 117 189
783 4 2 0 1 145 117 146 189
784 4 2 0 1 145 114 117 189
785 4 2 0 1 117 114 112 189
786 4 2 0 1 135 87 136 187
787 4 2 0 1 82 85 87 187
788 4 2 0 1 135 84 87 187
789 4 2 0 1 87 84 82 187
790 4 2 0 1 103 105 100 184
791 4 2 0 1 142 141 105 184
792 4 2 0 1 102 100 105 184
793 4 2 0 1 102 105 141 184
794 4 2 0 1 118 121 123 185
795 4 2 0 1 123 148 147 185
796 4 2 0 1 123 147 120 185
797 4 2 0 1 123 120 118 185
798 4 2 0 1 148 183 147 185
799 4 2 0 1 146 182 145 189
800 4 2 0 1 144 145 47 181
801 4 2 0 1 145 50 47 181
802 4 2 0 1 141 97 35 140
803 4 2 0 1 35 97 141 184
804 4 2 0 1 26 88 180 137
805 4 2 0 1 26 180 88 187
806 4 2 0 1 136 180 88 137
807 4 2 0 1 136 88 180 187
808 4 2 0 1 187 79 135 82
809 4 2 0 1 187 135 79 134
810 4 2 0 1 84 135 79 82
811 4 2 0 1 84 79 135 134
812 4 2 0 1 189 118 146 147
813 4 2 0 1 189 146 118 115
814 4 2 0 1 120 146 118 147
815 4 2 0 1 120 118 146 115
816 4 2 0 1 138 88 26 137
817 4 2 0 1 138 26 88 186
818 4 2 0 1 35 97 176 140
819 4 2 0 1 35 176 97 186
820 4 2 0 1 139 176 97 140
821 4 2 0 1 139 97 176 186
822 4 2 0 1 106 158 184 103
823 4 2 0 1 184 158 106 188
824 4 2 0 1 184 142 106 103
825 4 2 0 1 106 142 184 188
826 4 2 0 1 4 173 127 129
827 4 2 0 1 4 127 173 3
828 4 2 0 1 130 127 173 129
829 4 2 0 1 130 173 127 3
830 4 2 0 1 112 189 156 155
831 4 2 0 1 112 110 156 109
832 4 2 0 1 156 110 112 155
833 4 2 0 1 116 189 118 115
834 4 2 0 1 118 189 116 154
835 4 2 0 1 190 71 73 169
836 4 2 0 1 190 73 71 70
837 4 2 0 1 9 190 132 8
838 4 2 0 1 132 190 9 131
839 4 2 0 1 112 145 181 189
840 4 2 0 1 181 145 112 109
841 4 2 0 1 181 156 112 189
842 4 2 0 1 112 156 181 109
$EndElements
