$MeshFormat
2.2 0 8
$EndMeshFormat
$Nodes
55
1 -1 -10 1
2 -1 -10 -1
3 1 -10 -1
4 1 -10 1
5 -1 10 1
6 1 10 1
7 1 10 -1
8 -1 10 -1
9 1 -8 1
10 -1 -8 1
11 1 -6 1
12 -1 -6 1
13 1 -4 1
14 -1 -4 1
15 1 -2 1
16 -1 -2 1
17 1 0 1
18 -1 0 1
19 1 2 1
20 -1 2 1
21 1 4 1
22 -1 4 1
23 1 6 1
24 -1 6 1
25 1 8 1
26 -1 8 1
27 1 -8 -1
28 1 -6 -1
29 1 -4 -1
30 1 -2 -1
31 1 0 -1
32 1 2 -1
33 1 4 -1
34 1 6 -1
35 1 8 -1
36 -1 -8 -1
37 -1 -6 -1
38 -1 -4 -1
39 -1 -2 -1
40 -1 0 -1
41 -1 2 -1
42 -1 4 -1
43 -1 6 -1
44 -1 8 -1
45 0.3333333157736341 7.333278753529845 0.3333333710683276
46 0.333333371066429 -5.263627728886767 -0.3333333157653912
47 -0.3333333333333334 -7.000000000000001 -0.3333333333333333
48 -0.25 3.125 -0.125
49 -0.3333333333333333 0.9999999999999997 -0.3333333333333333
50 -0.125 -2.875 0.25
51 0.125 5.125000000000001 -0.25
52 0.3333333333333333 9 0.3333333333333334
53 0.3333333333333334 -0.9999999999999999 0.3333333333333334
54 0.3389241267907235 -9.313795164895554 0.07900446750035958
55 -0.03844927804718137 -8.711438126059061 -0.3325588649642369
$EndNodes
$Elements
209
1 2 2 0 1 1 2 3
2 2 2 0 1 2 1 10
3 2 2 0 1 3 4 1
4 2 2 0 1 1 4 9
5 2 2 0 1 9 10 1
6 2 2 0 1 3 2 36
7 2 2 0 1 10 36 2
8 2 2 0 1 4 3 27
9 2 2 0 1 36 27 3
10 2 2 0 1 27 9 4
11 2 2 0 1 5 6 7
12 2 2 0 1 6 5 26
13 2 2 0 1 7 8 5
14 2 2 0 1 5 8 44
15 2 2 0 1 44 26 5
16 2 2 0 1 7 6 25
17 2 2 0 1 26 25 6
18 2 2 0 1 8 7 35
19 2 2 0 1 25 35 7
20 2 2 0 1 35 44 8
21 2 2 0 1 10 9 11
22 2 2 0 1 28 11 9
23 2 2 0 1 9 27 28
24 2 2 0 1 11 12 10
25 2 2 0 1 36 10 12
26 2 2 0 1 12 11 13
27 2 2 0 1 29 13 11
28 2 2 0 1 11 28 29
29 2 2 0 1 13 14 12
30 2 2 0 1 37 12 14
31 2 2 0 1 12 37 36
32 2 2 0 1 14 13 15
33 2 2 0 1 30 15 13
34 2 2 0 1 13 29 30
35 2 2 0 1 15 16 14
36 2 2 0 1 38 14 16
37 2 2 0 1 14 38 37
38 2 2 0 1 16 15 17
39 2 2 0 1 31 17 15
40 2 2 0 1 15 30 31
41 2 2 0 1 17 18 16
42 2 2 0 1 39 16 18
43 2 2 0 1 16 39 38
44 2 2 0 1 18 17 19
45 2 2 0 1 32 19 17
46 2 2 0 1 17 31 32
47 2 2 0 1 19 20 18
48 2 2 0 1 40 18 20
49 2 2 0 1 18 40 39
50 2 2 0 1 20 19 21
51 2 2 0 1 33 21 19
52 2 2 0 1 19 32 33
53 2 2 0 1 21 22 20
54 2 2 0 1 41 20 22
55 2 2 0 1 20 41 40
56 2 2 0 1 22 21 23
57 2 2 0 1 34 23 21
58 2 2 0 1 21 33 34
59 2 2 0 1 23 24 22
60 2 2 0 1 42 22 24
61 2 2 0 1 22 42 41
62 2 2 0 1 24 23 25
63 2 2 0 1 35 25 23
64 2 2 0 1 23 34 35
65 2 2 0 1 25 26 24
66 2 2 0 1 43 24 26
67 2 2 0 1 24 43 42
68 2 2 0 1 26 44 43
69 2 2 0 1 37 28 27
70 2 2 0 1 27 36 37
71 2 2 0 1 38 29 28
72 2 2 0 1 28 37 38
73 2 2 0 1 39 30 29
74 2 2 0 1 29 38 39
75 2 2 0 1 40 31 30
76 2 2 0 1 30 39 40
77 2 2 0 1 41 32 31
78 2 2 0 1 31 40 41
79 2 2 0 1 42 33 32
80 2 2 0 1 32 41 42
81 2 2 0 1 43 34 33
82 2 2 0 1 33 42 43
83 2 2 0 1 44 35 34
84 2 2 0 1 34 43 44
85 4 2 0 1 27 3 4 54
86 4 2 0 1 4 9 27 54
87 4 2 0 1 17 31 15 53
88 4 2 0 1 31 30 15 53
89 4 2 0 1 35 25 7 52
90 4 2 0 1 6 7 25 52
91 4 2 0 1 20 18 40 49
92 4 2 0 1 41 20 40 49
93 4 2 0 1 12 10 36 47
94 4 2 0 1 37 12 36 47
95 4 2 0 1 1 3 2 54
96 4 2 0 1 4 3 1 54
97 4 2 0 1 11 29 28 46
98 4 2 0 1 11 29 46 13
99 4 2 0 1 29 38 28 46
100 4 2 0 1 38 37 28 46
101 4 2 0 1 24 25 23 45
102 4 2 0 1 24 25 45 26
103 4 2 0 1 35 23 25 45
104 4 2 0 1 23 35 34 45
105 4 2 0 1 25 26 35 45
106 4 2 0 1 45 44 26 35
107 4 2 0 1 18 17 16 53
108 4 2 0 1 16 17 15 53
109 4 2 0 1 5 6 26 52
110 4 2 0 1 25 26 6 52
111 4 2 0 1 37 27 28 47
112 4 2 0 1 37 36 27 47
113 4 2 0 1 41 40 31 49
114 4 2 0 1 31 32 41 49
115 4 2 0 1 28 12 46 37
116 4 2 0 1 12 28 46 11
117 4 2 0 1 9 4 1 54
118 4 2 0 1 10 27 36 47
119 4 2 0 1 18 31 40 49
120 4 2 0 1 26 25 35 52
121 4 2 0 1 16 15 30 53
122 4 2 0 1 10 27 9 55
123 4 2 0 1 27 10 36 55
124 4 2 0 1 10 2 36 55
125 4 2 0 1 17 18 31 53
126 4 2 0 1 6 5 7 52
127 4 2 0 1 28 12 37 47
128 4 2 0 1 20 41 32 49
129 4 2 0 1 45 43 34 24
130 4 2 0 1 24 23 34 45
131 4 2 0 1 43 45 44 26
132 4 2 0 1 45 43 24 26
133 4 2 0 1 45 44 35 34
134 4 2 0 1 45 43 44 34
135 4 2 0 1 3 2 54 55
136 4 2 0 1 46 14 13 38
137 4 2 0 1 38 29 13 46
138 4 2 0 1 46 12 11 13
139 4 2 0 1 12 46 14 13
140 4 2 0 1 46 14 38 37
141 4 2 0 1 46 12 14 37
142 4 2 0 1 9 27 54 55
143 4 2 0 1 43 34 24 51
144 4 2 0 1 23 24 34 51
145 4 2 0 1 22 42 21 48
146 4 2 0 1 21 42 33 48
147 4 2 0 1 16 39 30 50
148 4 2 0 1 15 16 30 50
149 4 2 0 1 34 33 21 51
150 4 2 0 1 23 34 21 51
151 4 2 0 1 32 42 41 48
152 4 2 0 1 33 42 32 48
153 4 2 0 1 38 16 14 50
154 4 2 0 1 38 39 16 50
155 4 2 0 1 21 20 22 48
156 4 2 0 1 13 15 30 50
157 4 2 0 1 42 43 24 51
158 4 2 0 1 42 21 33 51
159 4 2 0 1 41 20 32 48
160 4 2 0 1 14 13 38 50
161 4 2 0 1 27 3 54 55
162 4 2 0 1 36 3 27 55
163 4 2 0 1 22 20 41 48
164 4 2 0 1 43 42 33 51
165 4 2 0 1 16 15 14 50
166 4 2 0 1 34 43 33 51
167 4 2 0 1 14 15 13 50
168 4 2 0 1 42 22 41 48
169 4 2 0 1 2 3 36 55
170 4 2 0 1 47 27 9 10
171 4 2 0 1 47 9 27 28
172 4 2 0 1 11 47 9 10
173 4 2 0 1 11 9 47 28
174 4 2 0 1 12 47 11 10
175 4 2 0 1 12 11 47 28
176 4 2 0 1 49 31 17 18
177 4 2 0 1 49 17 31 32
178 4 2 0 1 19 49 17 18
179 4 2 0 1 19 17 49 32
180 4 2 0 1 20 49 19 18
181 4 2 0 1 20 19 49 32
182 4 2 0 1 55 54 10 2
183 4 2 0 1 55 10 54 9
184 4 2 0 1 1 10 54 2
185 4 2 0 1 1 54 10 9
186 4 2 0 1 52 7 8 5
187 4 2 0 1 52 8 7 35
188 4 2 0 1 44 52 8 5
189 4 2 0 1 44 8 52 35
190 4 2 0 1 26 52 44 5
191 4 2 0 1 26 44 52 35
192 4 2 0 1 24 51 22 42
193 4 2 0 1 24 22 51 23
194 4 2 0 1 21 22 51 42
195 4 2 0 1 21 51 22 23
196 4 2 0 1 30 50 29 13
197 4 2 0 1 30 29 50 39
198 4 2 0 1 38 29 50 13
199 4 2 0 1 38 50 29 39
200 4 2 0 1 53 31 40 18
201 4 2 0 1 53 40 31 30
202 4 2 0 1 39 53 40 18
203 4 2 0 1 39 40 53 30
204 4 2 0 1 16 53 39 18
205 4 2 0 1 16 39 53 30
206 4 2 0 1 21 48 19 20
207 4 2 0 1 21 19 48 33
208 4 2 0 1 32 19 48 20
209 4 2 0 1 32 48 19 33
$EndElements
