$MeshFormat
2.2 0 8
$EndMeshFormat
$Nodes
47
1 -1 0 10
2 -1 0 8
3 1 0 8
4 1 0 10
5 -1 0 6
6 1 0 6
7 -1 0 4
8 1 0 4
9 -1 0 2
10 1 0 2
11 -1 0 -0
12 1 0 -0
13 -1 0 -2
14 1 0 -2
15 -1 0 -4
16 1 0 -4
17 -1 0 -6
18 1 0 -6
19 -1 0 -8
20 1 0 -8
21 -1 0 -10
22 1 0 -10
23 -1 2 10
24 1 2 10
25 1 2 8
26 -1 2 8
27 1 2 6
28 -1 2 6
29 1 2 4
30 -1 2 4
31 1 2 2
32 -1 2 2
33 1 2 -0
34 -1 2 -0
35 1 2 -2
36 -1 2 -2
37 1 2 -4
38 -1 2 -4
39 1 2 -6
40 -1 2 -6
41 1 2 -8
42 -1 2 -8
43 1 2 -10
44 -1 2 -10
45 -0.3333333333333334 0.6666666666666667 -9
46 -0.3333333333333333 1 4.666666666666666
47 0.3333333333333333 1 -6.666666666666665
$EndNodes
$Elements
161
1 2 2 0 1 1 2 3
2 2 2 0 1 2 1 23
3 2 2 0 1 3 4 1
4 2 2 0 1 1 4 24
5 2 2 0 1 24 23 1
6 2 2 0 1 6 3 2
7 2 2 0 1 2 5 6
8 2 2 0 1 5 2 26
9 2 2 0 1 23 26 2
10 2 2 0 1 4 3 25
11 2 2 0 1 3 6 27
12 2 2 0 1 27 25 3
13 2 2 0 1 25 24 4
14 2 2 0 1 8 6 5
15 2 2 0 1 5 7 8
16 2 2 0 1 7 5 28
17 2 2 0 1 26 28 5
18 2 2 0 1 6 8 29
19 2 2 0 1 29 27 6
20 2 2 0 1 10 8 7
21 2 2 0 1 7 9 10
22 2 2 0 1 9 7 30
23 2 2 0 1 28 30 7
24 2 2 0 1 8 10 31
25 2 2 0 1 31 29 8
26 2 2 0 1 12 10 9
27 2 2 0 1 9 11 12
28 2 2 0 1 11 9 32
29 2 2 0 1 30 32 9
30 2 2 0 1 10 12 33
31 2 2 0 1 33 31 10
32 2 2 0 1 14 12 11
33 2 2 0 1 11 13 14
34 2 2 0 1 13 11 34
35 2 2 0 1 32 34 11
36 2 2 0 1 12 14 35
37 2 2 0 1 35 33 12
38 2 2 0 1 16 14 13
39 2 2 0 1 13 15 16
40 2 2 0 1 15 13 36
41 2 2 0 1 34 36 13
42 2 2 0 1 14 16 37
43 2 2 0 1 37 35 14
44 2 2 0 1 18 16 15
45 2 2 0 1 15 17 18
46 2 2 0 1 17 15 38
47 2 2 0 1 36 38 15
48 2 2 0 1 16 18 39
49 2 2 0 1 39 37 16
50 2 2 0 1 20 18 17
51 2 2 0 1 17 19 20
52 2 2 0 1 19 17 40
53 2 2 0 1 38 40 17
54 2 2 0 1 18 20 41
55 2 2 0 1 41 39 18
56 2 2 0 1 22 20 19
57 2 2 0 1 19 21 22
58 2 2 0 1 21 19 42
59 2 2 0 1 40 42 19
60 2 2 0 1 20 22 43
61 2 2 0 1 43 41 20
62 2 2 0 1 22 21 44
63 2 2 0 1 42 44 21
64 2 2 0 1 44 43 22
65 2 2 0 1 23 24 25
66 2 2 0 1 25 26 23
67 2 2 0 1 26 25 27
68 2 2 0 1 27 28 26
69 2 2 0 1 28 27 29
70 2 2 0 1 29 30 28
71 2 2 0 1 30 29 31
72 2 2 0 1 31 32 30
73 2 2 0 1 32 31 33
74 2 2 0 1 33 34 32
75 2 2 0 1 34 33 35
76 2 2 0 1 35 36 34
77 2 2 0 1 36 35 37
78 2 2 0 1 37 38 36
79 2 2 0 1 38 37 39
80 2 2 0 1 39 40 38
81 2 2 0 1 40 39 41
82 2 2 0 1 41 42 40
83 2 2 0 1 42 41 43
84 2 2 0 1 43 44 42
85 4 2 0 1 41 20 18 47
86 4 2 0 1 41 18 39 47
87 4 2 0 1 19 21 42 45
88 4 2 0 1 44 42 21 45
89 4 2 0 1 28 7 30 46
90 4 2 0 1 5 7 28 46
91 4 2 0 1 17 39 18 47
92 4 2 0 1 39 17 40 47
93 4 2 0 1 30 7 8 46
94 4 2 0 1 30 8 29 46
95 4 2 0 1 20 22 19 45
96 4 2 0 1 19 22 21 45
97 4 2 0 1 44 21 22 45
98 4 2 0 1 5 8 7 46
99 4 2 0 1 18 20 17 47
100 4 2 0 1 17 38 15 39
101 4 2 0 1 12 32 10 33
102 4 2 0 1 13 16 37 14
103 4 2 0 1 15 39 16 18
104 4 2 0 1 13 37 15 36
105 4 2 0 1 33 11 34 35
106 4 2 0 1 9 30 10 32
107 4 2 0 1 5 27 2 6
108 4 2 0 1 11 32 33 34
109 4 2 0 1 2 25 3 27
110 4 2 0 1 1 25 2 23
111 4 2 0 1 26 5 27 2
112 4 2 0 1 5 26 27 28
113 4 2 0 1 3 6 2 27
114 4 2 0 1 30 9 10 7
115 4 2 0 1 4 25 1 24
116 4 2 0 1 9 12 32 10
117 4 2 0 1 12 9 32 11
118 4 2 0 1 7 10 30 8
119 4 2 0 1 37 15 36 38
120 4 2 0 1 13 36 34 35
121 4 2 0 1 23 25 2 26
122 4 2 0 1 24 25 1 23
123 4 2 0 1 11 35 12 14
124 4 2 0 1 25 4 1 3
125 4 2 0 1 12 32 33 11
126 4 2 0 1 35 11 13 14
127 4 2 0 1 30 10 32 31
128 4 2 0 1 31 30 8 29
129 4 2 0 1 33 32 10 31
130 4 2 0 1 13 35 37 36
131 4 2 0 1 16 13 37 15
132 4 2 0 1 33 11 35 12
133 4 2 0 1 35 13 37 14
134 4 2 0 1 30 10 31 8
135 4 2 0 1 37 15 38 39
136 4 2 0 1 39 15 17 18
137 4 2 0 1 42 43 41 20
138 4 2 0 1 37 15 39 16
139 4 2 0 1 1 25 3 2
140 4 2 0 1 2 25 27 26
141 4 2 0 1 35 11 34 13
142 4 2 0 1 17 38 39 40
143 4 2 0 1 40 41 39 47
144 4 2 0 1 19 42 20 45
145 4 2 0 1 28 30 29 46
146 4 2 0 1 46 28 27 29
147 4 2 0 1 46 27 28 5
148 4 2 0 1 6 46 27 29
149 4 2 0 1 6 27 46 5
150 4 2 0 1 8 46 6 29
151 4 2 0 1 8 6 46 5
152 4 2 0 1 45 22 43 20
153 4 2 0 1 43 22 45 44
154 4 2 0 1 43 42 45 20
155 4 2 0 1 45 42 43 44
156 4 2 0 1 17 47 19 40
157 4 2 0 1 19 47 17 20
158 4 2 0 1 47 42 19 40
159 4 2 0 1 19 42 47 20
160 4 2 0 1 47 41 42 40
161 4 2 0 1 42 41 47 20
$EndElements
