$MeshFormat
2.2 0 8
$EndMeshFormat
$Nodes
296
1 -1.5 0 10
2 -1.5 0 9
3 -0.5 0 9
4 -0.5 0 10
5 0.5 0 9
6 0.5 0 10
7 1.5 0 9
8 1.5 0 10
9 -1.5 0 8
10 -0.5 0 8
11 0.5 0 8
12 1.5 0 8
13 -1.5 0 7
14 -0.5 0 7
15 0.5 0 7
16 1.5 0 7
17 -1.5 0 6
18 -0.5 0 6
19 0.5 0 6
20 1.5 0 6
21 -1.5 0 5
22 -0.5 0 5
23 0.5 0 5
24 1.5 0 5
25 -1.5 0 4
26 -0.5 0 4
27 0.5 0 4
28 1.5 0 4
29 -1.5 0 3
30 -0.5 0 3
31 0.5 0 3
32 1.5 0 3
33 -1.5 0 2
34 -0.5 0 2
35 0.5 0 2
36 1.5 0 2
37 -1.5 0 1
38 -0.5 0 1
39 0.5 0 1
40 1.5 0 1
41 -1.5 0 -0
42 -0.5 0 -0
43 0.5 0 -0
44 1.5 0 -0
45 -1.5 0 -1
46 -0.5 0 -1
47 0.5 0 -1
48 1.5 0 -1
49 -1.5 0 -2
50 -0.5 0 -2
51 0.5 0 -2
52 1.5 0 -2
53 -1.5 0 -3
54 -0.5 0 -3
55 0.5 0 -3
56 1.5 0 -3
57 -1.5 0 -4
58 -0.5 0 -4
59 0.5 0 -4
60 1.5 0 -4
61 -1.5 0 -5
62 -0.5 0 -5
63 0.5 0 -5
64 1.5 0 -5
65 -1.5 0 -6
66 -0.5 0 -6
67 0.5 0 -6
68 1.5 0 -6
69 -1.5 0 -7
70 -0.5 0 -7
71 0.5 0 -7
72 1.5 0 -7
73 -1.5 0 -8
74 -0.5 0 -8
75 0.5 0 -8
76 1.5 0 -8
77 -1.5 0 -9
78 -0.5 0 -9
79 0.5 0 -9
80 1.5 0 -9
81 -1.5 0 -10
82 -0.5 0 -10
83 0.5 0 -10
84 1.5 0 -10
85 -1.5 3 10
86 -0.5 3 10
87 -0.5 3 9
88 -1.5 3 9
89 0.5 3 10
90 0.5 3 9
91 1.5 3 10
92 1.5 3 9
93 -0.5 3 8
94 -1.5 3 8
95 0.5 3 8
96 1.5 3 8
97 -0.5 3 7
98 -1.5 3 7
99 0.5 3 7
100 1.5 3 7
101 -0.5 3 6
102 -1.5 3 6
103 0.5 3 6
104 1.5 3 6
105 -0.5 3 5
106 -1.5 3 5
107 0.5 3 5
108 1.5 3 5
109 -0.5 3 4
110 -1.5 3 4
111 0.5 3 4
112 1.5 3 4
113 -0.5 3 3
114 -1.5 3 3
115 0.5 3 3
116 1.5 3 3
117 -0.5 3 2
118 -1.5 3 2
119 0.5 3 2
120 1.5 3 2
121 -0.5 3 1
122 -1.5 3 1
123 0.5 3 1
124 1.5 3 1
125 -0.5 3 -0
126 -1.5 3 -0
127 0.5 3 -0
128 1.5 3 -0
129 -0.5 3 -1
130 -1.5 3 -1
131 0.5 3 -1
132 1.5 3 -1
133 -0.5 3 -2
134 -1.5 3 -2
135 0.5 3 -2
136 1.5 3 -2
137 -0.5 3 -3
138 -1.5 3 -3
139 0.5 3 -3
140 1.5 3 -3
141 -0.5 3 -4
142 -1.5 3 -4
143 0.5 3 -4
144 1.5 3 -4
145 -0.5 3 -5
146 -1.5 3 -5
147 0.5 3 -5
148 1.5 3 -5
149 -0.5 3 -6
150 -1.5 3 -6
151 0.5 3 -6
152 1.5 3 -6
153 -0.5 3 -7
154 -1.5 3 -7
155 0.5 3 -7
156 1.5 3 -7
157 -0.5 3 -8
158 -1.5 3 -8
159 0.5 3 -8
160 1.5 3 -8
161 -0.5 3 -9
162 -1.5 3 -9
163 0.5 3 -9
164 1.5 3 -9
165 -0.5 3 -10
166 -1.5 3 -10
167 0.5 3 -10
168 1.5 3 -10
169 -0.5 1 10
170 -1.5 1 10
171 0.5 1 10
172 1.5 1 10
173 -0.5 2 10
174 -1.5 2 10
175 0.5 2 10
176 1.5 2 10
177 1.5 1 9
178 1.5 1 8
179 1.5 1 7
180 1.5 1 6
181 1.5 1 5
182 1.5 1 4
183 1.5 1 3
184 1.5 1 2
185 1.5 1 1
186 1.5 1 -0
187 1.5 1 -1
188 1.5 1 -2
189 1.5 1 -3
190 1.5 1 -4
191 1.5 1 -5
192 1.5 1 -6
193 1.5 1 -7
194 1.5 1 -8
195 1.5 1 -9
196 1.5 1 -10
197 1.5 2 9
198 1.5 2 8
199 1.5 2 7
200 1.5 2 6
201 1.5 2 5
202 1.5 2 4
203 1.5 2 3
204 1.5 2 2
205 1.5 2 1
206 1.5 2 -0
207 1.5 2 -1
208 1.5 2 -2
209 1.5 2 -3
210 1.5 2 -4
211 1.5 2 -5
212 1.5 2 -6
213 1.5 2 -7
214 1.5 2 -8
215 1.5 2 -9
216 1.5 2 -10
217 0.5 1 -10
218 -0.5 1 -10
219 -1.5 1 -10
220 0.5 2 -10
221 -0.5 2 -10
222 -1.5 2 -10
223 -1.5 1 -9
224 -1.5 1 -8
225 -1.5 1 -7
226 -1.5 1 -6
227 -1.5 1 -5
228 -1.5 1 -4
229 -1.5 1 -3
230 -1.5 1 -2
231 -1.5 1 -1
232 -1.5 1 -0
233 -1.5 1 1
234 -1.5 1 2
235 -1.5 1 3
236 -1.5 1 4
237 -1.5 1 5
238 -1.5 1 6
239 -1.5 1 7
240 -1.5 1 8
241 -1.5 1 9
242 -1.5 2 -9
243 -1.5 2 -8
244 -1.5 2 -7
245 -1.5 2 -6
246 -1.5 2 -5
247 -1.5 2 -4
248 -1.5 2 -3
249 -1.5 2 -2
250 -1.5 2 -1
251 -1.5 2 -0
252 -1.5 2 1
253 -1.5 2 2
254 -1.5 2 3
255 -1.5 2 4
256 -1.5 2 5
257 -1.5 2 6
258 -1.5 2 7
259 -1.5 2 8
260 -1.5 2 9
261 0.8292933973656024 1.139225175740741 7.543173886806345
262 1.012307610628127 0.4876923893718729 4.491610008577311
263 -0.7586697901873284 0.6954228682585052 -8.414614431801537
264 -0.7727272727272727 0.7272727272727272 -1.5
265 -1 2.666666666666667 -9.666666666666668
266 0.7234509465007521 1.158848451453442 2.459297314328434
267 0.485400286980304 0.6970027069502458 -6.520987697794416
268 0.4593541575834316 2.297767548485129 7.556637609247836
269 0.8462374278281154 0.6447783486965267 3.541234890036122
270 -0.9063878471895942 0.5770322593259862 8.48261669751855
271 -0.8115189965559365 0.6462342625002374 5.5
272 0.0165977604279444 2.422705124092559 9.405303088892229
273 1 2.666666666666667 9.666666666666666
274 0.3636326429706916 2.280816900079905 3.620478770433393
275 -0.2676726823610792 2.336042707034515 5.737820200941052
276 1.025 1.25 1.545078272149211
277 0.7737069900479089 0.7262930099520912 0.497323457675668
278 0.9933926318908434 1.5 -9.49655367451197
279 0.7727272727272728 0.7272727272727274 -1.5
280 0.9285714285714284 0.5714285714285714 -3.59314575203289
281 0.9002590004619997 0.6143686039510342 -5.534084728839489
282 0.9285714285714286 0.5714285714285714 -7.496392165085016
283 0 0.2009854518681857 6.799014548131814
284 -0.8078875545512574 2.332356599554689 7.5
285 0.5203040482665118 1.760152024133256 5.5
286 0 1.5 1.480313088596843
287 -0.2069268695026339 1.603463434751317 3.232899572851136
288 0 1.5 -7.474745155595116
289 -0.09682792400204171 1.693655848004083 -5.725625019689461
290 0.1133905522759631 1.5 8.381114901576167
291 0.1711037115365428 1.552483162903862 6.850389811293282
292 0 1.5 -0.5
293 0 1.5 -2.5
294 2.220446049250313e-16 1.5 -4.152020264230231
295 0.2593478981372115 1.5 -8.785021650206229
296 0.3436724356765015 1.156327564323498 4.428090320483021
$EndNodes
$Elements
1340
1 2 2 0 1 1 2 3
2 2 2 0 1 2 1 170
3 2 2 0 1 3 4 1
4 2 2 0 1 1 4 169
5 2 2 0 1 169 170 1
6 2 2 0 1 10 3 2
7 2 2 0 1 2 9 10
8 2 2 0 1 9 2 241
9 2 2 0 1 170 241 2
10 2 2 0 1 4 3 5
11 2 2 0 1 11 5 3
12 2 2 0 1 3 10 11
13 2 2 0 1 5 6 4
14 2 2 0 1 4 6 171
15 2 2 0 1 171 169 4
16 2 2 0 1 6 5 7
17 2 2 0 1 12 7 5
18 2 2 0 1 5 11 12
19 2 2 0 1 7 8 6
20 2 2 0 1 6 8 172
21 2 2 0 1 172 171 6
22 2 2 0 1 8 7 177
23 2 2 0 1 7 12 178
24 2 2 0 1 178 177 7
25 2 2 0 1 177 172 8
26 2 2 0 1 14 10 9
27 2 2 0 1 9 13 14
28 2 2 0 1 13 9 240
29 2 2 0 1 241 240 9
30 2 2 0 1 15 11 10
31 2 2 0 1 10 14 15
32 2 2 0 1 16 12 11
33 2 2 0 1 11 15 16
34 2 2 0 1 12 16 179
35 2 2 0 1 179 178 12
36 2 2 0 1 18 14 13
37 2 2 0 1 13 17 18
38 2 2 0 1 17 13 239
39 2 2 0 1 240 239 13
40 2 2 0 1 19 15 14
41 2 2 0 1 14 18 19
42 2 2 0 1 20 16 15
43 2 2 0 1 15 19 20
44 2 2 0 1 16 20 180
45 2 2 0 1 180 179 16
46 2 2 0 1 22 18 17
47 2 2 0 1 17 21 22
48 2 2 0 1 21 17 238
49 2 2 0 1 239 238 17
50 2 2 0 1 23 19 18
51 2 2 0 1 18 22 23
52 2 2 0 1 24 20 19
53 2 2 0 1 19 23 24
54 2 2 0 1 20 24 181
55 2 2 0 1 181 180 20
56 2 2 0 1 26 22 21
57 2 2 0 1 21 25 26
58 2 2 0 1 25 21 237
59 2 2 0 1 238 237 21
60 2 2 0 1 27 23 22
61 2 2 0 1 22 26 27
62 2 2 0 1 28 24 23
63 2 2 0 1 23 27 28
64 2 2 0 1 24 28 182
65 2 2 0 1 182 181 24
66 2 2 0 1 30 26 25
67 2 2 0 1 25 29 30
68 2 2 0 1 29 25 236
69 2 2 0 1 237 236 25
70 2 2 0 1 31 27 26
71 2 2 0 1 26 30 31
72 2 2 0 1 32 28 27
73 2 2 0 1 27 31 32
74 2 2 0 1 28 32 183
75 2 2 0 1 183 182 28
76 2 2 0 1 34 30 29
77 2 2 0 1 29 33 34
78 2 2 0 1 33 29 235
79 2 2 0 1 236 235 29
80 2 2 0 1 35 31 30
81 2 2 0 1 30 34 35
82 2 2 0 1 36 32 31
83 2 2 0 1 31 35 36
84 2 2 0 1 32 36 184
85 2 2 0 1 184 183 32
86 2 2 0 1 38 34 33
87 2 2 0 1 33 37 38
88 2 2 0 1 37 33 234
89 2 2 0 1 235 234 33
90 2 2 0 1 39 35 34
91 2 2 0 1 34 38 39
92 2 2 0 1 40 36 35
93 2 2 0 1 35 39 40
94 2 2 0 1 36 40 185
95 2 2 0 1 185 184 36
96 2 2 0 1 42 38 37
97 2 2 0 1 37 41 42
98 2 2 0 1 41 37 233
99 2 2 0 1 234 233 37
100 2 2 0 1 43 39 38
101 2 2 0 1 38 42 43
102 2 2 0 1 44 40 39
103 2 2 0 1 39 43 44
104 2 2 0 1 40 44 186
105 2 2 0 1 186 185 40
106 2 2 0 1 46 42 41
107 2 2 0 1 41 45 46
108 2 2 0 1 45 41 232
109 2 2 0 1 233 232 41
110 2 2 0 1 47 43 42
111 2 2 0 1 42 46 47
112 2 2 0 1 48 44 43
113 2 2 0 1 43 47 48
114 2 2 0 1 44 48 187
115 2 2 0 1 187 186 44
116 2 2 0 1 50 46 45
117 2 2 0 1 45 49 50
118 2 2 0 1 49 45 231
119 2 2 0 1 232 231 45
120 2 2 0 1 51 47 46
121 2 2 0 1 46 50 51
122 2 2 0 1 52 48 47
123 2 2 0 1 47 51 52
124 2 2 0 1 48 52 188
125 2 2 0 1 188 187 48
126 2 2 0 1 54 50 49
127 2 2 0 1 49 53 54
128 2 2 0 1 53 49 230
129 2 2 0 1 231 230 49
130 2 2 0 1 55 51 50
131 2 2 0 1 50 54 55
132 2 2 0 1 56 52 51
133 2 2 0 1 51 55 56
134 2 2 0 1 52 56 189
135 2 2 0 1 189 188 52
136 2 2 0 1 58 54 53
137 2 2 0 1 53 57 58
138 2 2 0 1 57 53 229
139 2 2 0 1 230 229 53
140 2 2 0 1 59 55 54
141 2 2 0 1 54 58 59
142 2 2 0 1 60 56 55
143 2 2 0 1 55 59 60
144 2 2 0 1 56 60 190
145 2 2 0 1 190 189 56
146 2 2 0 1 62 58 57
147 2 2 0 1 57 61 62
148 2 2 0 1 61 57 228
149 2 2 0 1 229 228 57
150 2 2 0 1 63 59 58
151 2 2 0 1 58 62 63
152 2 2 0 1 64 60 59
153 2 2 0 1 59 63 64
154 2 2 0 1 60 64 191
155 2 2 0 1 191 190 60
156 2 2 0 1 66 62 61
157 2 2 0 1 61 65 66
158 2 2 0 1 65 61 227
159 2 2 0 1 228 227 61
160 2 2 0 1 67 63 62
161 2 2 0 1 62 66 67
162 2 2 0 1 68 64 63
163 2 2 0 1 63 67 68
164 2 2 0 1 64 68 192
165 2 2 0 1 192 191 64
166 2 2 0 1 70 66 65
167 2 2 0 1 65 69 70
168 2 2 0 1 69 65 226
169 2 2 0 1 227 226 65
170 2 2 0 1 71 67 66
171 2 2 0 1 66 70 71
172 2 2 0 1 72 68 67
173 2 2 0 1 67 71 72
174 2 2 0 1 68 72 193
175 2 2 0 1 193 192 68
176 2 2 0 1 74 70 69
177 2 2 0 1 69 73 74
178 2 2 0 1 73 69 225
179 2 2 0 1 226 225 69
180 2 2 0 1 75 71 70
181 2 2 0 1 70 74 75
182 2 2 0 1 76 72 71
183 2 2 0 1 71 75 76
184 2 2 0 1 72 76 194
185 2 2 0 1 194 193 72
186 2 2 0 1 78 74 73
187 2 2 0 1 73 77 78
188 2 2 0 1 77 73 224
189 2 2 0 1 225 224 73
190 2 2 0 1 79 75 74
191 2 2 0 1 74 78 79
192 2 2 0 1 80 76 75
193 2 2 0 1 75 79 80
194 2 2 0 1 76 80 195
195 2 2 0 1 195 194 76
196 2 2 0 1 82 78 77
197 2 2 0 1 77 81 82
198 2 2 0 1 81 77 223
199 2 2 0 1 224 223 77
200 2 2 0 1 83 79 78
201 2 2 0 1 78 82 83
202 2 2 0 1 84 80 79
203 2 2 0 1 79 83 84
204 2 2 0 1 80 84 196
205 2 2 0 1 196 195 80
206 2 2 0 1 82 81 219
207 2 2 0 1 223 219 81
208 2 2 0 1 83 82 218
209 2 2 0 1 219 218 82
210 2 2 0 1 84 83 217
211 2 2 0 1 218 217 83
212 2 2 0 1 217 196 84
213 2 2 0 1 85 86 87
214 2 2 0 1 86 85 174
215 2 2 0 1 87 88 85
216 2 2 0 1 85 88 260
217 2 2 0 1 260 174 85
218 2 2 0 1 90 87 86
219 2 2 0 1 86 89 90
220 2 2 0 1 89 86 173
221 2 2 0 1 174 173 86
222 2 2 0 1 88 87 93
223 2 2 0 1 87 90 95
224 2 2 0 1 95 93 87
225 2 2 0 1 93 94 88
226 2 2 0 1 88 94 259
227 2 2 0 1 259 260 88
228 2 2 0 1 92 90 89
229 2 2 0 1 89 91 92
230 2 2 0 1 91 89 175
231 2 2 0 1 173 175 89
232 2 2 0 1 90 92 96
233 2 2 0 1 96 95 90
234 2 2 0 1 92 91 176
235 2 2 0 1 175 176 91
236 2 2 0 1 96 92 197
237 2 2 0 1 176 197 92
238 2 2 0 1 94 93 97
239 2 2 0 1 93 95 99
240 2 2 0 1 99 97 93
241 2 2 0 1 97 98 94
242 2 2 0 1 94 98 258
243 2 2 0 1 258 259 94
244 2 2 0 1 95 96 100
245 2 2 0 1 100 99 95
246 2 2 0 1 100 96 198
247 2 2 0 1 197 198 96
248 2 2 0 1 98 97 101
249 2 2 0 1 97 99 103
250 2 2 0 1 103 101 97
251 2 2 0 1 101 102 98
252 2 2 0 1 98 102 257
253 2 2 0 1 257 258 98
254 2 2 0 1 99 100 104
255 2 2 0 1 104 103 99
256 2 2 0 1 104 100 199
257 2 2 0 1 198 199 100
258 2 2 0 1 102 101 105
259 2 2 0 1 101 103 107
260 2 2 0 1 107 105 101
261 2 2 0 1 105 106 102
262 2 2 0 1 102 106 256
263 2 2 0 1 256 257 102
264 2 2 0 1 103 104 108
265 2 2 0 1 108 107 103
266 2 2 0 1 108 104 200
267 2 2 0 1 199 200 104
268 2 2 0 1 106 105 109
269 2 2 0 1 105 107 111
270 2 2 0 1 111 109 105
271 2 2 0 1 109 110 106
272 2 2 0 1 106 110 255
273 2 2 0 1 255 256 106
274 2 2 0 1 107 108 112
275 2 2 0 1 112 111 107
276 2 2 0 1 112 108 201
277 2 2 0 1 200 201 108
278 2 2 0 1 110 109 113
279 2 2 0 1 109 111 115
280 2 2 0 1 115 113 109
281 2 2 0 1 113 114 110
282 2 2 0 1 110 114 254
283 2 2 0 1 254 255 110
284 2 2 0 1 111 112 116
285 2 2 0 1 116 115 111
286 2 2 0 1 116 112 202
287 2 2 0 1 201 202 112
288 2 2 0 1 114 113 117
289 2 2 0 1 113 115 119
290 2 2 0 1 119 117 113
291 2 2 0 1 117 118 114
292 2 2 0 1 114 118 253
293 2 2 0 1 253 254 114
294 2 2 0 1 115 116 120
295 2 2 0 1 120 119 115
296 2 2 0 1 120 116 203
297 2 2 0 1 202 203 116
298 2 2 0 1 118 117 121
299 2 2 0 1 117 119 123
300 2 2 0 1 123 121 117
301 2 2 0 1 121 122 118
302 2 2 0 1 118 122 252
303 2 2 0 1 252 253 118
304 2 2 0 1 119 120 124
305 2 2 0 1 124 123 119
306 2 2 0 1 124 120 204
307 2 2 0 1 203 204 120
308 2 2 0 1 122 121 125
309 2 2 0 1 121 123 127
310 2 2 0 1 127 125 121
311 2 2 0 1 125 126 122
312 2 2 0 1 122 126 251
313 2 2 0 1 251 252 122
314 2 2 0 1 123 124 128
315 2 2 0 1 128 127 123
316 2 2 0 1 128 124 205
317 2 2 0 1 204 205 124
318 2 2 0 1 126 125 129
319 2 2 0 1 125 127 131
320 2 2 0 1 131 129 125
321 2 2 0 1 129 130 126
322 2 2 0 1 126 130 250
323 2 2 0 1 250 251 126
324 2 2 0 1 127 128 132
325 2 2 0 1 132 131 127
326 2 2 0 1 132 128 206
327 2 2 0 1 205 206 128
328 2 2 0 1 130 129 133
329 2 2 0 1 129 131 135
330 2 2 0 1 135 133 129
331 2 2 0 1 133 134 130
332 2 2 0 1 130 134 249
333 2 2 0 1 249 250 130
334 2 2 0 1 131 132 136
335 2 2 0 1 136 135 131
336 2 2 0 1 136 132 207
337 2 2 0 1 206 207 132
338 2 2 0 1 134 133 137
339 2 2 0 1 133 135 139
340 2 2 0 1 139 137 133
341 2 2 0 1 137 138 134
342 2 2 0 1 134 138 248
343 2 2 0 1 248 249 134
344 2 2 0 1 135 136 140
345 2 2 0 1 140 139 135
346 2 2 0 1 140 136 208
347 2 2 0 1 207 208 136
348 2 2 0 1 138 137 141
349 2 2 0 1 137 139 143
350 2 2 0 1 143 141 137
351 2 2 0 1 141 142 138
352 2 2 0 1 138 142 247
353 2 2 0 1 247 248 138
354 2 2 0 1 139 140 144
355 2 2 0 1 144 143 139
356 2 2 0 1 144 140 209
357 2 2 0 1 208 209 140
358 2 2 0 1 142 141 145
359 2 2 0 1 141 143 147
360 2 2 0 1 147 145 141
361 2 2 0 1 145 146 142
362 2 2 0 1 142 146 246
363 2 2 0 1 246 247 142
364 2 2 0 1 143 144 148
365 2 2 0 1 148 147 143
366 2 2 0 1 148 144 210
367 2 2 0 1 209 210 144
368 2 2 0 1 146 145 149
369 2 2 0 1 145 147 151
370 2 2 0 1 151 149 145
371 2 2 0 1 149 150 146
372 2 2 0 1 146 150 245
373 2 2 0 1 245 246 146
374 2 2 0 1 147 148 152
375 2 2 0 1 152 151 147
376 2 2 0 1 152 148 211
377 2 2 0 1 210 211 148
378 2 2 0 1 150 149 153
379 2 2 0 1 149 151 155
380 2 2 0 1 155 153 149
381 2 2 0 1 153 154 150
382 2 2 0 1 150 154 244
383 2 2 0 1 244 245 150
384 2 2 0 1 151 152 156
385 2 2 0 1 156 155 151
386 2 2 0 1 156 152 212
387 2 2 0 1 211 212 152
388 2 2 0 1 154 153 157
389 2 2 0 1 153 155 159
390 2 2 0 1 159 157 153
391 2 2 0 1 157 158 154
392 2 2 0 1 154 158 243
393 2 2 0 1 243 244 154
394 2 2 0 1 155 156 160
395 2 2 0 1 160 159 155
396 2 2 0 1 160 156 213
397 2 2 0 1 212 213 156
398 2 2 0 1 158 157 161
399 2 2 0 1 157 159 163
400 2 2 0 1 163 161 157
401 2 2 0 1 161 162 158
402 2 2 0 1 158 162 242
403 2 2 0 1 242 243 158
404 2 2 0 1 159 160 164
405 2 2 0 1 164 163 159
406 2 2 0 1 164 160 214
407 2 2 0 1 213 214 160
408 2 2 0 1 162 161 165
409 2 2 0 1 161 163 167
410 2 2 0 1 167 165 161
411 2 2 0 1 165 166 162
412 2 2 0 1 162 166 222
413 2 2 0 1 222 242 162
414 2 2 0 1 163 164 168
415 2 2 0 1 168 167 163
416 2 2 0 1 168 164 215
417 2 2 0 1 214 215 164
418 2 2 0 1 166 165 221
419 2 2 0 1 165 167 220
420 2 2 0 1 220 221 165
421 2 2 0 1 221 222 166
422 2 2 0 1 167 168 216
423 2 2 0 1 216 220 167
424 2 2 0 1 215 216 168
425 2 2 0 1 170 169 173
426 2 2 0 1 169 171 175
427 2 2 0 1 175 173 169
428 2 2 0 1 173 174 170
429 2 2 0 1 241 170 174
430 2 2 0 1 171 172 176
431 2 2 0 1 176 175 171
432 2 2 0 1 197 176 172
433 2 2 0 1 172 177 197
434 2 2 0 1 174 260 241
435 2 2 0 1 177 178 198
436 2 2 0 1 198 197 177
437 2 2 0 1 178 179 199
438 2 2 0 1 199 198 178
439 2 2 0 1 179 180 200
440 2 2 0 1 200 199 179
441 2 2 0 1 180 181 201
442 2 2 0 1 201 200 180
443 2 2 0 1 181 182 202
444 2 2 0 1 202 201 181
445 2 2 0 1 182 183 203
446 2 2 0 1 203 202 182
447 2 2 0 1 183 184 204
448 2 2 0 1 204 203 183
449 2 2 0 1 184 185 205
450 2 2 0 1 205 204 184
451 2 2 0 1 185 186 206
452 2 2 0 1 206 205 185
453 2 2 0 1 186 187 207
454 2 2 0 1 207 206 186
455 2 2 0 1 187 188 208
456 2 2 0 1 208 207 187
457 2 2 0 1 188 189 209
458 2 2 0 1 209 208 188
459 2 2 0 1 189 190 210
460 2 2 0 1 210 209 189
461 2 2 0 1 190 191 211
462 2 2 0 1 211 210 190
463 2 2 0 1 191 192 212
464 2 2 0 1 212 211 191
465 2 2 0 1 192 193 213
466 2 2 0 1 213 212 192
467 2 2 0 1 193 194 214
468 2 2 0 1 214 213 193
469 2 2 0 1 194 195 215
470 2 2 0 1 215 214 194
471 2 2 0 1 195 196 216
472 2 2 0 1 216 215 195
473 2 2 0 1 220 216 196
474 2 2 0 1 196 217 220
475 2 2 0 1 217 218 221
476 2 2 0 1 221 220 217
477 2 2 0 1 218 219 222
478 2 2 0 1 222 221 218
479 2 2 0 1 242 222 219
480 2 2 0 1 219 223 242
481 2 2 0 1 223 224 243
482 2 2 0 1 243 242 223
483 2 2 0 1 224 225 244
484 2 2 0 1 244 243 224
485 2 2 0 1 225 226 245
486 2 2 0 1 245 244 225
487 2 2 0 1 226 227 246
488 2 2 0 1 246 245 226
489 2 2 0 1 227 228 247
490 2 2 0 1 247 246 227
491 2 2 0 1 228 229 248
492 2 2 0 1 248 247 228
493 2 2 0 1 229 230 249
494 2 2 0 1 249 248 229
495 2 2 0 1 230 231 250
496 2 2 0 1 250 249 230
497 2 2 0 1 231 232 251
498 2 2 0 1 251 250 231
499 2 2 0 1 232 233 252
500 2 2 0 1 252 251 232
501 2 2 0 1 233 234 253
502 2 2 0 1 253 252 233
503 2 2 0 1 234 235 254
504 2 2 0 1 254 253 234
505 2 2 0 1 235 236 255
506 2 2 0 1 255 254 235
507 2 2 0 1 236 237 256
508 2 2 0 1 256 255 236
509 2 2 0 1 237 238 257
510 2 2 0 1 257 256 237
511 2 2 0 1 238 239 258
512 2 2 0 1 258 257 238
513 2 2 0 1 239 240 259
514 2 2 0 1 259 258 239
515 2 2 0 1 240 241 260
516 2 2 0 1 260 259 240
517 4 2 0 1 188 279 187 292
518 4 2 0 1 188 279 292 293
519 4 2 0 1 46 50 264 292
520 4 2 0 1 264 292 50 293
521 4 2 0 1 18 271 238 285
522 4 2 0 1 238 271 237 285
523 4 2 0 1 47 279 51 292
524 4 2 0 1 51 292 279 293
525 4 2 0 1 231 264 230 292
526 4 2 0 1 230 292 264 293
527 4 2 0 1 43 286 277 292
528 4 2 0 1 237 271 22 285
529 4 2 0 1 277 286 186 292
530 4 2 0 1 39 277 43 286
531 4 2 0 1 185 186 277 286
532 4 2 0 1 22 271 18 285
533 4 2 0 1 267 288 70 289
534 4 2 0 1 204 286 266 287
535 4 2 0 1 266 286 35 287
536 4 2 0 1 193 288 267 289
537 4 2 0 1 99 95 93 268
538 4 2 0 1 67 71 66 267
539 4 2 0 1 66 71 70 267
540 4 2 0 1 66 267 70 289
541 4 2 0 1 193 267 192 289
542 4 2 0 1 31 266 35 287
543 4 2 0 1 203 204 266 287
544 4 2 0 1 28 182 183 269
545 4 2 0 1 28 183 32 269
546 4 2 0 1 72 194 76 282
547 4 2 0 1 193 194 72 282
548 4 2 0 1 24 182 28 262
549 4 2 0 1 182 24 181 262
550 4 2 0 1 186 44 40 277
551 4 2 0 1 40 185 186 277
552 4 2 0 1 161 162 165 265
553 4 2 0 1 162 166 165 265
554 4 2 0 1 64 192 68 281
555 4 2 0 1 191 192 64 281
556 4 2 0 1 175 91 176 273
557 4 2 0 1 89 91 175 273
558 4 2 0 1 173 86 89 272
559 4 2 0 1 175 173 89 272
560 4 2 0 1 21 238 17 271
561 4 2 0 1 238 21 237 271
562 4 2 0 1 196 220 217 278
563 4 2 0 1 216 220 196 278
564 4 2 0 1 231 49 230 264
565 4 2 0 1 49 231 45 264
566 4 2 0 1 9 241 2 270
567 4 2 0 1 240 241 9 270
568 4 2 0 1 73 78 77 263
569 4 2 0 1 74 78 73 263
570 4 2 0 1 56 60 55 280
571 4 2 0 1 55 60 59 280
572 4 2 0 1 51 47 52 279
573 4 2 0 1 52 47 48 279
574 4 2 0 1 43 277 186 292
575 4 2 0 1 187 279 47 292
576 4 2 0 1 231 46 264 292
577 4 2 0 1 189 280 55 294
578 4 2 0 1 11 290 261 291
579 4 2 0 1 224 288 263 295
580 4 2 0 1 263 288 74 295
581 4 2 0 1 224 74 263 288
582 4 2 0 1 191 281 63 289
583 4 2 0 1 15 11 261 291
584 4 2 0 1 105 275 256 285
585 4 2 0 1 109 274 111 296
586 4 2 0 1 188 51 279 293
587 4 2 0 1 230 264 50 293
588 4 2 0 1 109 287 274 296
589 4 2 0 1 198 290 268 291
590 4 2 0 1 18 285 238 291
591 4 2 0 1 224 263 223 295
592 4 2 0 1 185 277 39 286
593 4 2 0 1 198 261 290 291
594 4 2 0 1 249 129 250 292
595 4 2 0 1 249 133 129 292
596 4 2 0 1 207 131 135 292
597 4 2 0 1 207 135 208 292
598 4 2 0 1 133 292 249 293
599 4 2 0 1 208 292 135 293
600 4 2 0 1 190 280 189 294
601 4 2 0 1 67 63 281 289
602 4 2 0 1 183 287 269 296
603 4 2 0 1 269 287 31 296
604 4 2 0 1 59 55 280 294
605 4 2 0 1 232 286 42 292
606 4 2 0 1 251 125 286 292
607 4 2 0 1 127 206 286 292
608 4 2 0 1 183 31 269 287
609 4 2 0 1 238 285 257 291
610 4 2 0 1 127 206 205 286
611 4 2 0 1 127 205 123 286
612 4 2 0 1 233 38 42 286
613 4 2 0 1 232 233 42 286
614 4 2 0 1 121 251 125 286
615 4 2 0 1 252 251 121 286
616 4 2 0 1 183 266 31 287
617 4 2 0 1 14 15 19 283
618 4 2 0 1 19 18 14 283
619 4 2 0 1 67 281 192 289
620 4 2 0 1 192 267 67 289
621 4 2 0 1 231 230 250 292
622 4 2 0 1 249 250 230 292
623 4 2 0 1 46 51 50 292
624 4 2 0 1 207 208 187 292
625 4 2 0 1 46 47 51 292
626 4 2 0 1 208 188 187 292
627 4 2 0 1 249 292 230 293
628 4 2 0 1 208 188 292 293
629 4 2 0 1 50 292 51 293
630 4 2 0 1 135 129 133 292
631 4 2 0 1 129 135 131 292
632 4 2 0 1 135 292 133 293
633 4 2 0 1 78 223 263 295
634 4 2 0 1 191 192 281 289
635 4 2 0 1 27 269 31 296
636 4 2 0 1 183 269 182 296
637 4 2 0 1 198 199 261 291
638 4 2 0 1 232 251 286 292
639 4 2 0 1 127 286 125 292
640 4 2 0 1 42 286 43 292
641 4 2 0 1 186 286 206 292
642 4 2 0 1 198 268 199 291
643 4 2 0 1 255 109 105 296
644 4 2 0 1 255 105 256 296
645 4 2 0 1 78 263 74 295
646 4 2 0 1 206 186 185 286
647 4 2 0 1 232 251 252 286
648 4 2 0 1 39 43 38 286
649 4 2 0 1 38 43 42 286
650 4 2 0 1 185 205 206 286
651 4 2 0 1 127 123 121 286
652 4 2 0 1 121 125 127 286
653 4 2 0 1 252 233 232 286
654 4 2 0 1 237 285 22 296
655 4 2 0 1 257 237 256 285
656 4 2 0 1 238 237 257 285
657 4 2 0 1 10 240 290 291
658 4 2 0 1 87 272 173 290
659 4 2 0 1 3 270 241 290
660 4 2 0 1 256 285 237 296
661 4 2 0 1 70 288 225 289
662 4 2 0 1 105 285 256 296
663 4 2 0 1 35 276 185 286
664 4 2 0 1 101 275 103 291
665 4 2 0 1 119 286 204 287
666 4 2 0 1 183 203 266 287
667 4 2 0 1 226 66 70 289
668 4 2 0 1 226 70 225 289
669 4 2 0 1 275 285 103 291
670 4 2 0 1 268 290 284 291
671 4 2 0 1 256 105 101 275
672 4 2 0 1 204 205 276 286
673 4 2 0 1 19 285 18 291
674 4 2 0 1 213 288 193 289
675 4 2 0 1 66 67 267 289
676 4 2 0 1 107 275 105 285
677 4 2 0 1 119 204 203 287
678 4 2 0 1 119 203 115 287
679 4 2 0 1 34 35 286 287
680 4 2 0 1 255 287 109 296
681 4 2 0 1 240 284 290 291
682 4 2 0 1 15 261 179 291
683 4 2 0 1 175 272 90 290
684 4 2 0 1 213 193 192 289
685 4 2 0 1 192 212 213 289
686 4 2 0 1 175 173 272 290
687 4 2 0 1 185 276 205 286
688 4 2 0 1 10 240 270 290
689 4 2 0 1 240 241 270 290
690 4 2 0 1 115 203 274 287
691 4 2 0 1 193 71 267 288
692 4 2 0 1 213 155 288 289
693 4 2 0 1 240 239 284 291
694 4 2 0 1 234 34 286 287
695 4 2 0 1 31 35 30 287
696 4 2 0 1 34 30 35 287
697 4 2 0 1 87 90 272 290
698 4 2 0 1 178 261 11 290
699 4 2 0 1 10 270 3 290
700 4 2 0 1 105 111 107 296
701 4 2 0 1 109 111 105 296
702 4 2 0 1 256 237 236 296
703 4 2 0 1 256 236 255 296
704 4 2 0 1 194 75 282 288
705 4 2 0 1 19 18 283 291
706 4 2 0 1 22 18 23 285
707 4 2 0 1 18 19 23 285
708 4 2 0 1 10 290 283 291
709 4 2 0 1 203 204 183 266
710 4 2 0 1 184 183 204 266
711 4 2 0 1 184 185 35 276
712 4 2 0 1 111 115 203 274
713 4 2 0 1 193 282 71 288
714 4 2 0 1 213 212 151 289
715 4 2 0 1 213 151 155 289
716 4 2 0 1 191 289 63 294
717 4 2 0 1 137 293 248 294
718 4 2 0 1 139 209 293 294
719 4 2 0 1 229 293 54 294
720 4 2 0 1 189 55 293 294
721 4 2 0 1 18 238 283 291
722 4 2 0 1 225 288 244 289
723 4 2 0 1 244 288 153 289
724 4 2 0 1 190 59 280 294
725 4 2 0 1 239 283 238 291
726 4 2 0 1 117 286 119 287
727 4 2 0 1 283 290 11 291
728 4 2 0 1 105 107 285 296
729 4 2 0 1 34 235 30 287
730 4 2 0 1 234 235 34 287
731 4 2 0 1 101 97 258 291
732 4 2 0 1 258 257 101 291
733 4 2 0 1 95 268 198 290
734 4 2 0 1 117 253 286 287
735 4 2 0 1 22 285 23 296
736 4 2 0 1 157 242 161 295
737 4 2 0 1 242 157 243 295
738 4 2 0 1 137 247 141 294
739 4 2 0 1 139 143 210 294
740 4 2 0 1 247 137 248 294
741 4 2 0 1 139 210 209 294
742 4 2 0 1 58 228 229 294
743 4 2 0 1 58 229 54 294
744 4 2 0 1 227 62 289 294
745 4 2 0 1 75 71 282 288
746 4 2 0 1 63 289 62 294
747 4 2 0 1 139 293 137 294
748 4 2 0 1 248 293 229 294
749 4 2 0 1 189 293 209 294
750 4 2 0 1 54 293 55 294
751 4 2 0 1 258 239 238 291
752 4 2 0 1 258 238 257 291
753 4 2 0 1 97 284 258 291
754 4 2 0 1 153 288 155 289
755 4 2 0 1 157 288 243 295
756 4 2 0 1 194 282 193 288
757 4 2 0 1 236 287 255 296
758 4 2 0 1 242 243 223 295
759 4 2 0 1 223 243 224 295
760 4 2 0 1 234 286 253 287
761 4 2 0 1 93 284 268 290
762 4 2 0 1 243 288 224 295
763 4 2 0 1 70 267 71 288
764 4 2 0 1 245 226 225 289
765 4 2 0 1 225 244 245 289
766 4 2 0 1 211 289 191 294
767 4 2 0 1 199 268 99 291
768 4 2 0 1 10 11 283 290
769 4 2 0 1 169 241 173 290
770 4 2 0 1 173 241 260 290
771 4 2 0 1 147 289 211 294
772 4 2 0 1 93 268 95 290
773 4 2 0 1 19 180 285 291
774 4 2 0 1 244 153 149 289
775 4 2 0 1 245 244 149 289
776 4 2 0 1 179 11 178 261
777 4 2 0 1 11 179 15 261
778 4 2 0 1 15 283 11 291
779 4 2 0 1 113 119 115 287
780 4 2 0 1 117 119 113 287
781 4 2 0 1 26 237 22 296
782 4 2 0 1 111 202 107 296
783 4 2 0 1 107 202 201 296
784 4 2 0 1 26 236 237 296
785 4 2 0 1 115 274 113 287
786 4 2 0 1 141 143 137 294
787 4 2 0 1 247 248 228 294
788 4 2 0 1 139 137 143 294
789 4 2 0 1 228 248 229 294
790 4 2 0 1 58 54 59 294
791 4 2 0 1 189 210 190 294
792 4 2 0 1 189 209 210 294
793 4 2 0 1 59 54 55 294
794 4 2 0 1 90 89 86 272
795 4 2 0 1 90 86 87 272
796 4 2 0 1 187 188 48 279
797 4 2 0 1 52 48 188 279
798 4 2 0 1 92 89 90 273
799 4 2 0 1 92 91 89 273
800 4 2 0 1 56 189 190 280
801 4 2 0 1 190 60 56 280
802 4 2 0 1 195 216 196 278
803 4 2 0 1 215 216 195 278
804 4 2 0 1 22 17 18 271
805 4 2 0 1 21 17 22 271
806 4 2 0 1 77 223 224 263
807 4 2 0 1 224 73 77 263
808 4 2 0 1 75 71 76 282
809 4 2 0 1 72 76 71 282
810 4 2 0 1 3 10 2 270
811 4 2 0 1 9 2 10 270
812 4 2 0 1 27 32 31 269
813 4 2 0 1 32 27 28 269
814 4 2 0 1 64 68 63 281
815 4 2 0 1 63 68 67 281
816 4 2 0 1 50 49 45 264
817 4 2 0 1 45 46 50 264
818 4 2 0 1 40 44 39 277
819 4 2 0 1 39 44 43 277
820 4 2 0 1 165 166 221 265
821 4 2 0 1 221 166 222 265
822 4 2 0 1 28 27 23 262
823 4 2 0 1 23 24 28 262
824 4 2 0 1 62 66 227 289
825 4 2 0 1 66 226 227 289
826 4 2 0 1 62 67 66 289
827 4 2 0 1 67 62 63 289
828 4 2 0 1 246 289 145 294
829 4 2 0 1 113 254 253 287
830 4 2 0 1 117 113 253 287
831 4 2 0 1 5 3 169 290
832 4 2 0 1 5 169 171 290
833 4 2 0 1 87 173 260 290
834 4 2 0 1 169 3 241 290
835 4 2 0 1 260 259 93 290
836 4 2 0 1 87 260 93 290
837 4 2 0 1 19 283 180 291
838 4 2 0 1 113 274 109 287
839 4 2 0 1 107 201 285 296
840 4 2 0 1 227 289 246 294
841 4 2 0 1 210 143 211 294
842 4 2 0 1 141 247 145 294
843 4 2 0 1 147 211 143 294
844 4 2 0 1 247 246 145 294
845 4 2 0 1 227 228 62 294
846 4 2 0 1 58 62 228 294
847 4 2 0 1 190 191 59 294
848 4 2 0 1 191 63 59 294
849 4 2 0 1 26 287 236 296
850 4 2 0 1 155 151 149 289
851 4 2 0 1 153 155 149 289
852 4 2 0 1 218 221 242 295
853 4 2 0 1 242 223 218 295
854 4 2 0 1 259 284 93 290
855 4 2 0 1 30 26 31 287
856 4 2 0 1 145 289 147 294
857 4 2 0 1 171 175 197 290
858 4 2 0 1 197 177 171 290
859 4 2 0 1 199 103 200 291
860 4 2 0 1 103 199 99 291
861 4 2 0 1 221 161 242 295
862 4 2 0 1 218 223 78 295
863 4 2 0 1 191 212 192 289
864 4 2 0 1 191 211 212 289
865 4 2 0 1 153 244 157 288
866 4 2 0 1 159 214 155 288
867 4 2 0 1 70 74 225 288
868 4 2 0 1 224 225 74 288
869 4 2 0 1 214 213 155 288
870 4 2 0 1 244 243 157 288
871 4 2 0 1 39 35 185 286
872 4 2 0 1 123 205 119 286
873 4 2 0 1 34 38 234 286
874 4 2 0 1 234 38 233 286
875 4 2 0 1 117 253 252 286
876 4 2 0 1 121 117 252 286
877 4 2 0 1 204 119 205 286
878 4 2 0 1 250 129 251 292
879 4 2 0 1 46 231 232 292
880 4 2 0 1 125 251 129 292
881 4 2 0 1 232 42 46 292
882 4 2 0 1 131 207 127 292
883 4 2 0 1 47 43 187 292
884 4 2 0 1 206 127 207 292
885 4 2 0 1 43 186 187 292
886 4 2 0 1 133 249 137 293
887 4 2 0 1 208 135 139 293
888 4 2 0 1 54 229 230 293
889 4 2 0 1 249 248 137 293
890 4 2 0 1 139 209 208 293
891 4 2 0 1 230 50 54 293
892 4 2 0 1 189 55 51 293
893 4 2 0 1 188 189 51 293
894 4 2 0 1 254 235 234 287
895 4 2 0 1 234 253 254 287
896 4 2 0 1 30 235 236 287
897 4 2 0 1 236 26 30 287
898 4 2 0 1 19 181 23 285
899 4 2 0 1 181 19 180 285
900 4 2 0 1 18 239 14 283
901 4 2 0 1 18 238 239 283
902 4 2 0 1 19 15 180 283
903 4 2 0 1 75 74 288 295
904 4 2 0 1 159 288 157 295
905 4 2 0 1 169 175 171 290
906 4 2 0 1 169 173 175 290
907 4 2 0 1 151 212 211 289
908 4 2 0 1 147 151 211 289
909 4 2 0 1 240 260 241 290
910 4 2 0 1 260 240 259 290
911 4 2 0 1 103 99 97 291
912 4 2 0 1 101 103 97 291
913 4 2 0 1 239 258 284 291
914 4 2 0 1 75 288 194 295
915 4 2 0 1 214 288 159 295
916 4 2 0 1 171 177 5 290
917 4 2 0 1 197 175 90 290
918 4 2 0 1 103 285 200 291
919 4 2 0 1 95 198 90 290
920 4 2 0 1 11 5 178 290
921 4 2 0 1 5 177 178 290
922 4 2 0 1 197 90 198 290
923 4 2 0 1 217 195 278 295
924 4 2 0 1 161 163 157 295
925 4 2 0 1 75 79 74 295
926 4 2 0 1 163 159 157 295
927 4 2 0 1 74 79 78 295
928 4 2 0 1 147 143 141 294
929 4 2 0 1 141 145 147 294
930 4 2 0 1 227 246 247 294
931 4 2 0 1 247 228 227 294
932 4 2 0 1 190 210 211 294
933 4 2 0 1 58 59 63 294
934 4 2 0 1 211 191 190 294
935 4 2 0 1 63 62 58 294
936 4 2 0 1 178 198 261 290
937 4 2 0 1 181 262 23 296
938 4 2 0 1 240 284 259 290
939 4 2 0 1 163 215 214 295
940 4 2 0 1 75 195 79 295
941 4 2 0 1 214 159 163 295
942 4 2 0 1 75 194 195 295
943 4 2 0 1 161 221 220 295
944 4 2 0 1 78 217 218 295
945 4 2 0 1 78 79 217 295
946 4 2 0 1 161 220 163 295
947 4 2 0 1 220 278 215 295
948 4 2 0 1 179 261 199 291
949 4 2 0 1 5 11 3 290
950 4 2 0 1 11 10 3 290
951 4 2 0 1 95 90 87 290
952 4 2 0 1 87 93 95 290
953 4 2 0 1 246 245 149 289
954 4 2 0 1 246 149 145 289
955 4 2 0 1 181 23 285 296
956 4 2 0 1 109 255 254 287
957 4 2 0 1 254 113 109 287
958 4 2 0 1 70 71 75 288
959 4 2 0 1 75 74 70 288
960 4 2 0 1 194 193 214 288
961 4 2 0 1 244 225 224 288
962 4 2 0 1 214 193 213 288
963 4 2 0 1 224 243 244 288
964 4 2 0 1 153 157 159 288
965 4 2 0 1 159 155 153 288
966 4 2 0 1 123 119 117 286
967 4 2 0 1 117 121 123 286
968 4 2 0 1 34 35 39 286
969 4 2 0 1 39 38 34 286
970 4 2 0 1 253 234 233 286
971 4 2 0 1 233 252 253 286
972 4 2 0 1 250 251 231 292
973 4 2 0 1 232 231 251 292
974 4 2 0 1 47 46 42 292
975 4 2 0 1 42 43 47 292
976 4 2 0 1 207 187 186 292
977 4 2 0 1 206 207 186 292
978 4 2 0 1 249 230 229 293
979 4 2 0 1 229 248 249 293
980 4 2 0 1 50 55 54 293
981 4 2 0 1 188 208 209 293
982 4 2 0 1 50 51 55 293
983 4 2 0 1 209 189 188 293
984 4 2 0 1 125 129 131 292
985 4 2 0 1 131 127 125 292
986 4 2 0 1 139 135 133 293
987 4 2 0 1 133 137 139 293
988 4 2 0 1 194 288 214 295
989 4 2 0 1 179 199 200 291
990 4 2 0 1 180 179 200 291
991 4 2 0 1 180 200 285 291
992 4 2 0 1 246 227 226 289
993 4 2 0 1 226 245 246 289
994 4 2 0 1 191 64 63 281
995 4 2 0 1 24 23 181 262
996 4 2 0 1 90 175 89 272
997 4 2 0 1 161 165 221 265
998 4 2 0 1 92 176 91 273
999 4 2 0 1 27 182 28 269
1000 4 2 0 1 74 73 224 263
1001 4 2 0 1 40 39 185 277
1002 4 2 0 1 71 193 72 282
1003 4 2 0 1 240 9 10 270
1004 4 2 0 1 59 60 190 280
1005 4 2 0 1 196 217 195 278
1006 4 2 0 1 230 49 50 264
1007 4 2 0 1 188 51 52 279
1008 4 2 0 1 237 21 22 271
1009 4 2 0 1 27 262 182 296
1010 4 2 0 1 27 182 269 296
1011 4 2 0 1 177 198 178 290
1012 4 2 0 1 177 197 198 290
1013 4 2 0 1 215 278 195 295
1014 4 2 0 1 220 215 163 295
1015 4 2 0 1 217 79 195 295
1016 4 2 0 1 200 103 107 285
1017 4 2 0 1 201 200 107 285
1018 4 2 0 1 237 25 26 21
1019 4 2 0 1 41 233 42 232
1020 4 2 0 1 251 122 252 121
1021 4 2 0 1 35 40 39 185
1022 4 2 0 1 9 14 240 10
1023 4 2 0 1 126 250 129 251
1024 4 2 0 1 118 253 117 114
1025 4 2 0 1 171 172 177 197
1026 4 2 0 1 98 257 101 258
1027 4 2 0 1 8 177 6 172
1028 4 2 0 1 82 223 78 218
1029 4 2 0 1 174 86 173 87
1030 4 2 0 1 61 228 62 227
1031 4 2 0 1 219 82 223 81
1032 4 2 0 1 49 54 230 50
1033 4 2 0 1 70 74 69 225
1034 4 2 0 1 66 61 227 65
1035 4 2 0 1 54 49 230 53
1036 4 2 0 1 185 184 35 36
1037 4 2 0 1 149 244 245 150
1038 4 2 0 1 150 153 149 244
1039 4 2 0 1 41 46 232 42
1040 4 2 0 1 82 219 223 218
1041 4 2 0 1 218 222 219 242
1042 4 2 0 1 82 77 223 81
1043 4 2 0 1 69 226 70 225
1044 4 2 0 1 61 66 227 62
1045 4 2 0 1 45 232 46 231
1046 4 2 0 1 58 62 57 228
1047 4 2 0 1 54 53 230 229
1048 4 2 0 1 227 66 65 226
1049 4 2 0 1 61 228 57 62
1050 4 2 0 1 229 53 58 54
1051 4 2 0 1 229 57 58 53
1052 4 2 0 1 226 69 70 65
1053 4 2 0 1 65 70 226 66
1054 4 2 0 1 73 225 74 224
1055 4 2 0 1 225 73 74 69
1056 4 2 0 1 77 82 223 78
1057 4 2 0 1 133 130 249 129
1058 4 2 0 1 219 223 218 242
1059 4 2 0 1 141 142 145 247
1060 4 2 0 1 247 137 138 248
1061 4 2 0 1 251 125 129 126
1062 4 2 0 1 210 148 143 144
1063 4 2 0 1 157 242 158 161
1064 4 2 0 1 158 161 242 162
1065 4 2 0 1 212 151 156 213
1066 4 2 0 1 242 157 158 243
1067 4 2 0 1 243 154 244 157
1068 4 2 0 1 244 153 157 154
1069 4 2 0 1 101 102 256 257
1070 4 2 0 1 30 25 26 236
1071 4 2 0 1 237 21 26 22
1072 4 2 0 1 125 122 251 121
1073 4 2 0 1 33 38 234 34
1074 4 2 0 1 138 141 247 142
1075 4 2 0 1 184 32 31 36
1076 4 2 0 1 245 146 149 150
1077 4 2 0 1 117 252 253 118
1078 4 2 0 1 124 204 119 205
1079 4 2 0 1 25 237 26 236
1080 4 2 0 1 137 249 134 248
1081 4 2 0 1 250 126 129 130
1082 4 2 0 1 245 146 246 149
1083 4 2 0 1 146 246 149 145
1084 4 2 0 1 141 138 247 137
1085 4 2 0 1 246 142 247 145
1086 4 2 0 1 249 137 134 133
1087 4 2 0 1 232 45 46 41
1088 4 2 0 1 130 133 249 134
1089 4 2 0 1 249 129 130 250
1090 4 2 0 1 183 32 31 184
1091 4 2 0 1 253 113 114 254
1092 4 2 0 1 256 105 106 102
1093 4 2 0 1 117 252 118 121
1094 4 2 0 1 260 85 87 88
1095 4 2 0 1 19 24 23 181
1096 4 2 0 1 241 174 173 260
1097 4 2 0 1 113 110 254 109
1098 4 2 0 1 113 253 114 117
1099 4 2 0 1 6 177 7 5
1100 4 2 0 1 101 98 258 97
1101 4 2 0 1 252 118 121 122
1102 4 2 0 1 122 125 251 126
1103 4 2 0 1 109 106 255 105
1104 4 2 0 1 106 109 255 110
1105 4 2 0 1 255 256 105 106
1106 4 2 0 1 6 177 5 171
1107 4 2 0 1 110 113 254 114
1108 4 2 0 1 14 9 240 13
1109 4 2 0 1 7 178 12 5
1110 4 2 0 1 178 12 5 11
1111 4 2 0 1 174 86 87 85
1112 4 2 0 1 181 19 20 180
1113 4 2 0 1 177 8 6 7
1114 4 2 0 1 88 94 93 259
1115 4 2 0 1 14 18 13 239
1116 4 2 0 1 174 241 173 170
1117 4 2 0 1 172 177 6 171
1118 4 2 0 1 256 105 102 101
1119 4 2 0 1 257 98 101 102
1120 4 2 0 1 18 17 13 239
1121 4 2 0 1 85 260 87 174
1122 4 2 0 1 87 173 174 260
1123 4 2 0 1 93 87 88 260
1124 4 2 0 1 259 93 88 260
1125 4 2 0 1 18 17 239 238
1126 4 2 0 1 239 13 14 240
1127 4 2 0 1 3 2 1 170
1128 4 2 0 1 2 3 241 170
1129 4 2 0 1 235 30 29 34
1130 4 2 0 1 29 236 30 235
1131 4 2 0 1 33 235 29 34
1132 4 2 0 1 236 29 30 25
1133 4 2 0 1 233 234 37 38
1134 4 2 0 1 233 37 42 38
1135 4 2 0 1 33 38 37 234
1136 4 2 0 1 3 1 4 169
1137 4 2 0 1 1 3 170 169
1138 4 2 0 1 170 3 241 169
1139 4 2 0 1 170 241 173 169
1140 4 2 0 1 5 4 169 3
1141 4 2 0 1 4 171 5 169
1142 4 2 0 1 171 4 5 6
1143 4 2 0 1 171 172 197 176
1144 4 2 0 1 31 35 184 36
1145 4 2 0 1 35 40 185 36
1146 4 2 0 1 19 15 20 180
1147 4 2 0 1 16 15 179 180
1148 4 2 0 1 12 179 11 178
1149 4 2 0 1 7 178 5 177
1150 4 2 0 1 176 197 171 175
1151 4 2 0 1 179 12 11 16
1152 4 2 0 1 15 16 20 180
1153 4 2 0 1 179 16 11 15
1154 4 2 0 1 200 108 201 107
1155 4 2 0 1 103 108 200 107
1156 4 2 0 1 135 140 208 139
1157 4 2 0 1 119 124 205 123
1158 4 2 0 1 199 103 99 104
1159 4 2 0 1 90 198 95 96
1160 4 2 0 1 197 96 90 92
1161 4 2 0 1 96 197 90 198
1162 4 2 0 1 100 199 99 104
1163 4 2 0 1 103 199 200 104
1164 4 2 0 1 201 112 107 108
1165 4 2 0 1 204 124 119 120
1166 4 2 0 1 116 111 115 203
1167 4 2 0 1 107 112 202 111
1168 4 2 0 1 115 120 203 119
1169 4 2 0 1 116 112 111 202
1170 4 2 0 1 112 201 107 202
1171 4 2 0 1 111 116 202 203
1172 4 2 0 1 120 115 203 116
1173 4 2 0 1 203 119 120 204
1174 4 2 0 1 127 205 128 123
1175 4 2 0 1 131 207 135 136
1176 4 2 0 1 207 208 135 136
1177 4 2 0 1 76 195 75 194
1178 4 2 0 1 139 140 208 209
1179 4 2 0 1 136 131 207 132
1180 4 2 0 1 140 135 208 136
1181 4 2 0 1 152 147 211 148
1182 4 2 0 1 207 127 132 131
1183 4 2 0 1 127 132 128 206
1184 4 2 0 1 127 207 132 206
1185 4 2 0 1 123 124 205 128
1186 4 2 0 1 205 127 128 206
1187 4 2 0 1 211 147 143 148
1188 4 2 0 1 210 148 211 143
1189 4 2 0 1 209 144 139 140
1190 4 2 0 1 139 144 210 143
1191 4 2 0 1 216 163 215 168
1192 4 2 0 1 144 209 139 210
1193 4 2 0 1 151 155 156 213
1194 4 2 0 1 160 155 213 156
1195 4 2 0 1 167 216 163 220
1196 4 2 0 1 159 164 214 163
1197 4 2 0 1 152 211 151 212
1198 4 2 0 1 165 220 161 221
1199 4 2 0 1 161 167 220 165
1200 4 2 0 1 167 161 220 163
1201 4 2 0 1 151 156 152 212
1202 4 2 0 1 147 152 211 151
1203 4 2 0 1 164 159 214 160
1204 4 2 0 1 216 167 163 168
1205 4 2 0 1 214 163 164 215
1206 4 2 0 1 155 214 160 213
1207 4 2 0 1 214 155 160 159
1208 4 2 0 1 168 164 163 215
1209 4 2 0 1 216 163 220 215
1210 4 2 0 1 75 80 195 76
1211 4 2 0 1 218 78 82 83
1212 4 2 0 1 217 84 79 83
1213 4 2 0 1 80 217 79 195
1214 4 2 0 1 78 218 217 83
1215 4 2 0 1 78 217 79 83
1216 4 2 0 1 189 188 51 52
1217 4 2 0 1 51 56 55 189
1218 4 2 0 1 187 186 43 44
1219 4 2 0 1 47 187 43 48
1220 4 2 0 1 44 43 187 48
1221 4 2 0 1 80 217 84 79
1222 4 2 0 1 59 191 64 63
1223 4 2 0 1 191 60 59 64
1224 4 2 0 1 60 191 59 190
1225 4 2 0 1 80 75 195 79
1226 4 2 0 1 80 196 217 195
1227 4 2 0 1 196 80 217 84
1228 4 2 0 1 57 229 58 228
1229 4 2 0 1 134 137 248 138
1230 4 2 0 1 41 233 37 42
1231 4 2 0 1 243 154 157 158
1232 4 2 0 1 19 24 181 20
1233 4 2 0 1 198 100 95 96
1234 4 2 0 1 254 110 255 109
1235 4 2 0 1 103 108 104 200
1236 4 2 0 1 218 222 242 221
1237 4 2 0 1 246 142 145 146
1238 4 2 0 1 150 153 244 154
1239 4 2 0 1 33 235 34 234
1240 4 2 0 1 51 56 189 52
1241 4 2 0 1 259 240 239 284
1242 4 2 0 1 239 258 259 284
1243 4 2 0 1 235 254 255 287
1244 4 2 0 1 235 255 236 287
1245 4 2 0 1 149 151 145 289
1246 4 2 0 1 147 145 151 289
1247 4 2 0 1 220 217 278 295
1248 4 2 0 1 215 195 194 295
1249 4 2 0 1 194 214 215 295
1250 4 2 0 1 103 275 107 285
1251 4 2 0 1 86 173 87 272
1252 4 2 0 1 175 90 89 273
1253 4 2 0 1 32 183 31 269
1254 4 2 0 1 75 76 194 282
1255 4 2 0 1 192 67 68 281
1256 4 2 0 1 186 43 44 277
1257 4 2 0 1 182 27 28 262
1258 4 2 0 1 220 216 215 278
1259 4 2 0 1 162 222 166 265
1260 4 2 0 1 47 187 48 279
1261 4 2 0 1 56 55 189 280
1262 4 2 0 1 223 77 78 263
1263 4 2 0 1 18 17 238 271
1264 4 2 0 1 3 2 241 270
1265 4 2 0 1 46 45 231 264
1266 4 2 0 1 27 23 262 296
1267 4 2 0 1 221 217 220 295
1268 4 2 0 1 221 218 217 295
1269 4 2 0 1 22 23 27 296
1270 4 2 0 1 182 181 202 296
1271 4 2 0 1 27 26 22 296
1272 4 2 0 1 181 201 202 296
1273 4 2 0 1 182 262 181 296
1274 4 2 0 1 181 285 201 296
1275 4 2 0 1 201 181 180 285
1276 4 2 0 1 180 200 201 285
1277 4 2 0 1 93 259 94 284
1278 4 2 0 1 97 98 258 284
1279 4 2 0 1 15 14 10 283
1280 4 2 0 1 10 11 15 283
1281 4 2 0 1 93 94 97 284
1282 4 2 0 1 94 98 97 284
1283 4 2 0 1 258 94 259 284
1284 4 2 0 1 94 258 98 284
1285 4 2 0 1 185 184 205 276
1286 4 2 0 1 204 205 184 276
1287 4 2 0 1 31 183 184 266
1288 4 2 0 1 35 31 184 266
1289 4 2 0 1 103 101 107 275
1290 4 2 0 1 111 109 115 274
1291 4 2 0 1 109 113 115 274
1292 4 2 0 1 101 105 107 275
1293 4 2 0 1 198 199 178 261
1294 4 2 0 1 179 178 199 261
1295 4 2 0 1 93 99 284 97
1296 4 2 0 1 93 284 99 268
1297 4 2 0 1 291 284 99 97
1298 4 2 0 1 291 99 284 268
1299 4 2 0 1 267 192 68 193
1300 4 2 0 1 267 68 192 67
1301 4 2 0 1 72 267 68 193
1302 4 2 0 1 72 68 267 67
1303 4 2 0 1 71 267 72 193
1304 4 2 0 1 71 72 267 67
1305 4 2 0 1 268 99 100 199
1306 4 2 0 1 100 99 268 95
1307 4 2 0 1 100 198 268 199
1308 4 2 0 1 268 198 100 95
1309 4 2 0 1 35 276 266 184
1310 4 2 0 1 35 266 276 286
1311 4 2 0 1 204 266 276 184
1312 4 2 0 1 204 276 266 286
1313 4 2 0 1 291 275 257 101
1314 4 2 0 1 291 257 275 285
1315 4 2 0 1 256 257 275 101
1316 4 2 0 1 256 275 257 285
1317 4 2 0 1 296 274 202 287
1318 4 2 0 1 296 202 274 111
1319 4 2 0 1 203 202 274 287
1320 4 2 0 1 203 274 202 111
1321 4 2 0 1 291 15 180 179
1322 4 2 0 1 291 180 15 283
1323 4 2 0 1 202 296 203 182
1324 4 2 0 1 202 203 296 287
1325 4 2 0 1 183 203 296 182
1326 4 2 0 1 183 296 203 287
1327 4 2 0 1 31 296 26 27
1328 4 2 0 1 26 296 31 287
1329 4 2 0 1 283 10 240 14
1330 4 2 0 1 240 10 283 291
1331 4 2 0 1 240 239 283 14
1332 4 2 0 1 283 239 240 291
1333 4 2 0 1 265 221 242 222
1334 4 2 0 1 242 221 265 161
1335 4 2 0 1 242 162 265 222
1336 4 2 0 1 265 162 242 161
1337 4 2 0 1 175 273 197 90
1338 4 2 0 1 175 197 273 176
1339 4 2 0 1 92 197 273 90
1340 4 2 0 1 92 273 197 176
$EndElements
